#1 2 3 4 5 6 7  8  9 10 11 12 13
#x y z u v w p xx yy zz xy xz yz
0.000000e+00 0.000000e+00 2.300000e+04 0.000000e+00 0.000000e+00 3.481868e-01 -3.224026e+05 2.216734e+06 1.579115e+05 -1.407438e+06 2.324098e-02 -9.881208e+04 -1.173145e+00 
1.000000e+02 0.000000e+00 2.300000e+04 1.025670e-02 0.000000e+00 3.476398e-01 -3.220682e+05 2.202407e+06 1.577477e+05 -1.393950e+06 4.027607e-02 -1.961779e+05 -9.742150e-01 
2.000000e+02 0.000000e+00 2.300000e+04 2.037358e-02 0.000000e+00 3.460133e-01 -3.210714e+05 2.160141e+06 1.572595e+05 -1.354186e+06 -2.905830e-02 -3.866820e+05 -5.389114e-01 
3.000000e+02 0.000000e+00 2.300000e+04 3.021779e-02 0.000000e+00 3.433493e-01 -3.194342e+05 2.092015e+06 1.564575e+05 -1.290170e+06 -1.982590e-01 -5.662658e+05 -1.569618e-01 
4.000000e+02 0.000000e+00 2.300000e+04 3.966959e-02 0.000000e+00 3.397144e-01 -3.171882e+05 2.001242e+06 1.553575e+05 -1.205035e+06 -2.501566e-01 -7.304706e+05 7.903488e-02 
5.000000e+02 0.000000e+00 2.300000e+04 4.862728e-02 0.000000e+00 3.351954e-01 -3.143730e+05 1.891853e+06 1.539786e+05 -1.102712e+06 -5.722758e-02 -8.758787e+05 2.998724e-01 
6.000000e+02 0.000000e+00 2.300000e+04 5.701030e-02 0.000000e+00 3.298935e-01 -3.110298e+05 1.768322e+06 1.523411e+05 -9.875741e+05 3.043025e-01 -1.000238e+06 5.157312e-01 
7.000000e+02 0.000000e+00 2.300000e+04 6.476063e-02 0.000000e+00 3.239187e-01 -3.071958e+05 1.635215e+06 1.504632e+05 -8.640913e+05 5.974543e-01 -1.102453e+06 5.744261e-01 
8.000000e+02 0.000000e+00 2.300000e+04 7.184241e-02 0.000000e+00 3.173841e-01 -3.029061e+05 1.496887e+06 1.483622e+05 -7.365312e+05 6.302226e-01 -1.182475e+06 5.315467e-01 
9.000000e+02 0.000000e+00 2.300000e+04 7.824043e-02 0.000000e+00 3.104013e-01 -2.981930e+05 1.357263e+06 1.460537e+05 -6.087375e+05 4.011583e-01 -1.241129e+06 6.015896e-01 
1.000000e+03 0.000000e+00 2.300000e+04 8.395756e-02 0.000000e+00 3.030762e-01 -2.930846e+05 1.219692e+06 1.435516e+05 -4.839897e+05 3.364548e-03 -1.279907e+06 7.776550e-01 
1.100000e+03 0.000000e+00 2.300000e+04 8.901180e-02 0.000000e+00 2.955065e-01 -2.876062e+05 1.086883e+06 1.408683e+05 -3.649331e+05 -5.391825e-01 -1.300761e+06 9.380566e-01 
1.200000e+03 0.000000e+00 2.300000e+04 9.343296e-02 0.000000e+00 2.877797e-01 -2.817815e+05 9.608954e+05 1.380154e+05 -2.535662e+05 -1.184628e+00 -1.305911e+06 1.120226e+00 
1.300000e+03 0.000000e+00 2.300000e+04 9.725958e-02 0.000000e+00 2.799721e-01 -2.756318e+05 8.431673e+05 1.350034e+05 -1.512751e+05 -1.759566e+00 -1.297687e+06 1.321866e+00 
1.400000e+03 0.000000e+00 2.300000e+04 1.005359e-01 0.000000e+00 2.721487e-01 -2.691802e+05 7.345913e+05 1.318434e+05 -5.889400e+04 -1.979799e+00 -1.278392e+06 1.391574e+00 
1.500000e+03 0.000000e+00 2.300000e+04 1.033095e-01 0.000000e+00 2.643633e-01 -2.624487e+05 6.355858e+05 1.285463e+05 2.321403e+04 -1.686405e+00 -1.250203e+06 1.247348e+00 
1.600000e+03 0.000000e+00 2.300000e+04 1.056290e-01 0.000000e+00 2.566596e-01 -2.554617e+05 5.461916e+05 1.251241e+05 9.506950e+04 -1.043565e+00 -1.215107e+06 9.580455e-01 
1.700000e+03 0.000000e+00 2.300000e+04 1.075424e-01 0.000000e+00 2.490720e-01 -2.482436e+05 4.661578e+05 1.215887e+05 1.569843e+05 -4.205723e-01 -1.174861e+06 6.217280e-01 
1.800000e+03 0.000000e+00 2.300000e+04 1.090958e-01 0.000000e+00 2.416266e-01 -2.408189e+05 3.950246e+05 1.179521e+05 2.094799e+05 -1.282417e-01 -1.130979e+06 3.575215e-01 
1.900000e+03 0.000000e+00 2.300000e+04 1.103329e-01 0.000000e+00 2.343429e-01 -2.332133e+05 3.321949e+05 1.142269e+05 2.532180e+05 -2.297532e-01 -1.084729e+06 3.264746e-01 
2.000000e+03 0.000000e+00 2.300000e+04 1.112938e-01 0.000000e+00 2.272345e-01 -2.254522e+05 2.769898e+05 1.104256e+05 2.889414e+05 -6.694520e-01 -1.037157e+06 5.479205e-01 
2.100000e+03 0.000000e+00 2.300000e+04 1.120152e-01 0.000000e+00 2.203103e-01 -2.175638e+05 2.287010e+05 1.065619e+05 3.174286e+05 -1.251598e+00 -9.891051e+05 8.019019e-01 
2.200000e+03 0.000000e+00 2.300000e+04 1.125302e-01 0.000000e+00 2.135755e-01 -2.095739e+05 1.866161e+05 1.026484e+05 3.394571e+05 -1.671069e+00 -9.412345e+05 8.911110e-01 
2.300000e+03 0.000000e+00 2.300000e+04 1.128683e-01 0.000000e+00 2.070322e-01 -2.015071e+05 1.500437e+05 9.869738e+04 3.557803e+05 -1.758350e+00 -8.940536e+05 8.429248e-01 
2.400000e+03 0.000000e+00 2.300000e+04 1.130556e-01 0.000000e+00 2.006804e-01 -1.933906e+05 1.183359e+05 9.472194e+04 3.671141e+05 -1.528088e+00 -8.479447e+05 7.968781e-01 
2.500000e+03 0.000000e+00 2.300000e+04 1.131150e-01 0.000000e+00 1.945183e-01 -1.852494e+05 9.088963e+04 9.073441e+04 3.741242e+05 -1.175450e+00 -8.031861e+05 7.742876e-01 
2.600000e+03 0.000000e+00 2.300000e+04 1.130664e-01 0.000000e+00 1.885428e-01 -1.771064e+05 6.715307e+04 8.674601e+04 3.774202e+05 -9.477010e-01 -7.599707e+05 6.759151e-01 
2.700000e+03 0.000000e+00 2.300000e+04 1.129272e-01 0.000000e+00 1.827499e-01 -1.689848e+05 4.663101e+04 8.276807e+04 3.775553e+05 -8.810423e-01 -7.184223e+05 6.040899e-01 
2.800000e+03 0.000000e+00 2.300000e+04 1.127122e-01 0.000000e+00 1.771351e-01 -1.609059e+05 2.887950e+04 7.881106e+04 3.750272e+05 -8.525225e-01 -6.786136e+05 7.815162e-01 
2.900000e+03 0.000000e+00 2.300000e+04 1.124341e-01 0.000000e+00 1.716935e-01 -1.528886e+05 1.350407e+04 7.488420e+04 3.702774e+05 -8.470257e-01 -6.405775e+05 1.105765e+00 
3.000000e+03 0.000000e+00 2.300000e+04 1.121039e-01 0.000000e+00 1.664198e-01 -1.449501e+05 1.593004e+02 7.099597e+04 3.636950e+05 -9.529447e-01 -6.043140e+05 1.212551e+00 
3.100000e+03 0.000000e+00 2.300000e+04 1.117306e-01 0.000000e+00 1.613089e-01 -1.371092e+05 -1.145156e+04 6.715551e+04 3.556235e+05 -1.117232e+00 -5.697992e+05 9.662308e-01 
3.200000e+03 0.000000e+00 2.300000e+04 1.113221e-01 0.000000e+00 1.563555e-01 -1.293809e+05 -2.159022e+04 6.337023e+04 3.463626e+05 -1.225889e+00 -5.369946e+05 4.986044e-01 
3.300000e+03 0.000000e+00 2.300000e+04 1.108848e-01 0.000000e+00 1.515544e-01 -1.217783e+05 -3.048301e+04 5.964651e+04 3.361714e+05 -1.369025e+00 -5.058491e+05 -2.938195e-02 
3.400000e+03 0.000000e+00 2.300000e+04 1.104241e-01 0.000000e+00 1.469007e-01 -1.143143e+05 -3.832217e+04 5.599067e+04 3.252743e+05 -1.621993e+00 -4.763029e+05 -4.310749e-01 
3.500000e+03 0.000000e+00 2.300000e+04 1.099446e-01 0.000000e+00 1.423893e-01 -1.070001e+05 -4.527403e+04 5.240822e+04 3.138661e+05 -1.819978e+00 -4.482927e+05 -5.694137e-01 
3.600000e+03 0.000000e+00 2.300000e+04 1.094500e-01 0.000000e+00 1.380157e-01 -9.984523e+04 -5.148121e+04 4.890379e+04 3.021131e+05 -1.776211e+00 -4.217527e+05 -5.587667e-01 
3.700000e+03 0.000000e+00 2.300000e+04 1.089432e-01 0.000000e+00 1.337752e-01 -9.285778e+04 -5.706361e+04 4.548136e+04 2.901556e+05 -1.540589e+00 -3.966154e+05 -6.750461e-01 
3.800000e+03 0.000000e+00 2.300000e+04 1.084267e-01 0.000000e+00 1.296634e-01 -8.604521e+04 -6.212096e+04 4.214459e+04 2.781120e+05 -1.336472e+00 -3.728126e+05 -9.349733e-01 
3.900000e+03 0.000000e+00 2.300000e+04 1.079025e-01 0.000000e+00 1.256763e-01 -7.941283e+04 -6.673885e+04 3.889608e+04 2.660813e+05 -1.275007e+00 -3.502787e+05 -1.036480e+00 
4.000000e+03 0.000000e+00 2.300000e+04 1.073722e-01 0.000000e+00 1.218096e-01 -7.296520e+04 -7.098906e+04 3.573806e+04 2.541466e+05 -1.190841e+00 -3.289510e+05 -8.268688e-01 
4.100000e+03 0.000000e+00 2.300000e+04 1.068370e-01 0.000000e+00 1.180597e-01 -6.670613e+04 -7.493221e+04 3.267239e+04 2.423782e+05 -9.190915e-01 -3.087669e+05 -4.447247e-01 
4.200000e+03 0.000000e+00 2.300000e+04 1.062977e-01 0.000000e+00 1.144227e-01 -6.063833e+04 -7.861820e+04 2.970041e+04 2.308328e+05 -5.950546e-01 -2.896672e+05 -1.048304e-01 
4.300000e+03 0.000000e+00 2.300000e+04 1.057553e-01 0.000000e+00 1.108951e-01 -5.476421e+04 -8.208594e+04 2.682329e+04 2.195553e+05 -4.271452e-01 -2.715956e+05 1.090544e-01 
4.400000e+03 0.000000e+00 2.300000e+04 1.052101e-01 0.000000e+00 1.074735e-01 -4.908360e+04 -8.537040e+04 2.404095e+04 2.085803e+05 -4.703066e-01 -2.544985e+05 3.002310e-01 
4.500000e+03 0.000000e+00 2.300000e+04 1.046626e-01 0.000000e+00 1.041546e-01 -4.359626e+04 -8.849817e+04 2.135327e+04 1.979337e+05 -7.173198e-01 -2.383257e+05 4.948526e-01 
4.600000e+03 0.000000e+00 2.300000e+04 1.041129e-01 0.000000e+00 1.009352e-01 -3.830336e+04 -9.148578e+04 1.876083e+04 1.876350e+05 -1.100456e+00 -2.230280e+05 6.826871e-01 
4.700000e+03 0.000000e+00 2.300000e+04 1.035614e-01 0.000000e+00 9.781219e-02 -3.320316e+04 -9.435228e+04 1.626277e+04 1.776990e+05 -1.439723e+00 -2.085597e+05 8.371712e-01 
4.800000e+03 0.000000e+00 2.300000e+04 1.030080e-01 0.000000e+00 9.478266e-02 -2.829306e+04 -9.711555e+04 1.385782e+04 1.681369e+05 -1.521193e+00 -1.948780e+05 7.781018e-01 
4.900000e+03 0.000000e+00 2.300000e+04 1.024528e-01 0.000000e+00 9.184372e-02 -2.357154e+04 -9.978615e+04 1.154524e+04 1.589555e+05 -1.194549e+00 -1.819414e+05 4.119903e-01 
5.000000e+03 0.000000e+00 2.300000e+04 1.018958e-01 0.000000e+00 8.899261e-02 -1.903678e+04 -1.023714e+05 9.324138e+03 1.501576e+05 -4.929952e-01 -1.697095e+05 -7.718032e-02 
5.100000e+03 0.000000e+00 2.300000e+04 1.013369e-01 0.000000e+00 8.622663e-02 -1.468475e+04 -1.048795e+05 7.192530e+03 1.417413e+05 2.260167e-01 -1.581450e+05 -3.604288e-01 
5.200000e+03 0.000000e+00 2.300000e+04 1.007762e-01 0.000000e+00 8.354320e-02 -1.051177e+04 -1.073151e+05 5.148623e+03 1.337018e+05 5.296437e-01 -1.472138e+05 -3.108678e-01 
5.300000e+03 0.000000e+00 2.300000e+04 1.002134e-01 0.000000e+00 8.093978e-02 -6.515588e+03 -1.096776e+05 3.191308e+03 1.260331e+05 4.967551e-01 -1.368841e+05 -6.770851e-02 
5.400000e+03 0.000000e+00 2.300000e+04 9.964851e-02 0.000000e+00 7.841391e-02 -2.691274e+03 -1.119706e+05 1.318175e+03 1.187263e+05 4.506869e-01 -1.271247e+05 2.120801e-01 
5.500000e+03 0.000000e+00 2.300000e+04 9.908150e-02 0.000000e+00 7.596324e-02 9.665972e+02 -1.141978e+05 -4.734354e+02 1.117714e+05 4.147294e-01 -1.179057e+05 4.319642e-01 
5.600000e+03 0.000000e+00 2.300000e+04 9.851226e-02 0.000000e+00 7.358546e-02 4.460262e+03 -1.163555e+05 -2.184618e+03 1.051593e+05 3.967310e-01 -1.091994e+05 5.226695e-01 
5.700000e+03 0.000000e+00 2.300000e+04 9.794076e-02 0.000000e+00 7.127833e-02 7.794662e+03 -1.184463e+05 -3.817794e+03 9.888009e+04 4.996742e-01 -1.009794e+05 4.284163e-01 
5.800000e+03 0.000000e+00 2.300000e+04 9.736692e-02 0.000000e+00 6.903966e-02 1.097556e+04 -1.204743e+05 -5.375785e+03 9.292343e+04 6.181239e-01 -9.321958e+04 1.334459e-01 
5.900000e+03 0.000000e+00 2.300000e+04 9.679069e-02 0.000000e+00 6.686734e-02 1.400692e+04 -1.224386e+05 -6.860533e+03 8.727836e+04 5.859145e-01 -8.589558e+04 -3.094528e-01 
6.000000e+03 0.000000e+00 2.300000e+04 9.621204e-02 0.000000e+00 6.475932e-02 1.689218e+04 -1.243350e+05 -8.273720e+03 8.193219e+04 4.252344e-01 -7.898505e+04 -8.200376e-01 
6.100000e+03 0.000000e+00 2.300000e+04 9.563096e-02 0.000000e+00 6.271361e-02 1.963727e+04 -1.261643e+05 -9.618254e+03 7.687080e+04 2.025780e-01 -7.246578e+04 -1.239183e+00 
6.200000e+03 0.000000e+00 2.300000e+04 9.504745e-02 0.000000e+00 6.072830e-02 2.224686e+04 -1.279272e+05 -1.089642e+04 7.208304e+04 -1.165291e-01 -6.631776e+04 -1.387899e+00 
6.300000e+03 0.000000e+00 2.300000e+04 9.446151e-02 0.000000e+00 5.880149e-02 2.472414e+04 -1.296213e+05 -1.210978e+04 6.755865e+04 -4.854638e-01 -6.052237e+04 -1.237024e+00 
6.400000e+03 0.000000e+00 2.300000e+04 9.387315e-02 0.000000e+00 5.693138e-02 2.707458e+04 -1.312477e+05 -1.326102e+04 6.328501e+04 -7.126302e-01 -5.506112e+04 -9.097135e-01 
6.500000e+03 0.000000e+00 2.300000e+04 9.328243e-02 0.000000e+00 5.511618e-02 2.930358e+04 -1.328080e+05 -1.435277e+04 5.925004e+04 -7.304736e-01 -4.991675e+04 -6.389498e-01 
6.600000e+03 0.000000e+00 2.300000e+04 9.268936e-02 0.000000e+00 5.335418e-02 3.141555e+04 -1.343016e+05 -1.538721e+04 5.544216e+04 -7.321243e-01 -4.507133e+04 -5.446246e-01 
6.700000e+03 0.000000e+00 2.300000e+04 9.209402e-02 0.000000e+00 5.164370e-02 3.341428e+04 -1.357272e+05 -1.636618e+04 5.185049e+04 -8.768677e-01 -4.050889e+04 -5.028755e-01 
6.800000e+03 0.000000e+00 2.300000e+04 9.149648e-02 0.000000e+00 4.998313e-02 3.530458e+04 -1.370861e+05 -1.729204e+04 4.846440e+04 -1.058645e+00 -3.621596e+04 -4.001633e-01 
6.900000e+03 0.000000e+00 2.300000e+04 9.089679e-02 0.000000e+00 4.837090e-02 3.709066e+04 -1.383786e+05 -1.816685e+04 4.527351e+04 -1.106055e+00 -3.217791e+04 -2.816558e-01 
7.000000e+03 0.000000e+00 2.300000e+04 9.029503e-02 0.000000e+00 4.680549e-02 3.877740e+04 -1.396062e+05 -1.899301e+04 4.226701e+04 -1.059398e+00 -2.838144e+04 -3.285783e-01 
7.100000e+03 0.000000e+00 2.300000e+04 8.969130e-02 0.000000e+00 4.528543e-02 4.036751e+04 -1.407666e+05 -1.977184e+04 3.943593e+04 -1.087117e+00 -2.481367e+04 -6.792618e-01 
7.200000e+03 0.000000e+00 2.300000e+04 8.908571e-02 0.000000e+00 4.380928e-02 4.186522e+04 -1.418621e+05 -2.050541e+04 3.677181e+04 -1.176733e+00 -2.146087e+04 -1.099912e+00 
7.300000e+03 0.000000e+00 2.300000e+04 8.847834e-02 0.000000e+00 4.237566e-02 4.327475e+04 -1.428944e+05 -2.119580e+04 3.426591e+04 -1.206430e+00 -1.831169e+04 -1.230244e+00 
7.400000e+03 0.000000e+00 2.300000e+04 8.786931e-02 0.000000e+00 4.098324e-02 4.459974e+04 -1.438634e+05 -2.184477e+04 3.190895e+04 -1.173481e+00 -1.535655e+04 -1.095808e+00 
7.500000e+03 0.000000e+00 2.300000e+04 8.725872e-02 0.000000e+00 3.963072e-02 4.584349e+04 -1.447688e+05 -2.245395e+04 2.969230e+04 -1.214990e+00 -1.258535e+04 -9.825014e-01 
7.600000e+03 0.000000e+00 2.300000e+04 8.664671e-02 0.000000e+00 3.831683e-02 4.700991e+04 -1.456122e+05 -2.302526e+04 2.760769e+04 -1.349459e+00 -9.987077e+03 -1.049101e+00 
7.700000e+03 0.000000e+00 2.300000e+04 8.603339e-02 0.000000e+00 3.704036e-02 4.810350e+04 -1.463967e+05 -2.356090e+04 2.564706e+04 -1.414090e+00 -7.551030e+03 -1.147048e+00 
7.800000e+03 0.000000e+00 2.300000e+04 8.541886e-02 0.000000e+00 3.580014e-02 4.912621e+04 -1.471213e+05 -2.406182e+04 2.380452e+04 -1.204467e+00 -5.268878e+03 -1.057530e+00 
7.900000e+03 0.000000e+00 2.300000e+04 8.480325e-02 0.000000e+00 3.459503e-02 5.008166e+04 -1.477893e+05 -2.452979e+04 2.207414e+04 -7.927353e-01 -3.134123e+03 -9.045764e-01 
8.000000e+03 0.000000e+00 2.300000e+04 8.418671e-02 0.000000e+00 3.342391e-02 5.097268e+04 -1.484017e+05 -2.496621e+04 2.044983e+04 -5.006142e-01 -1.138299e+03 -9.411981e-01 
8.100000e+03 0.000000e+00 2.300000e+04 8.356934e-02 0.000000e+00 3.228573e-02 5.180276e+04 -1.489602e+05 -2.537278e+04 1.892472e+04 -3.928524e-01 7.273507e+02 -1.111962e+00 
8.200000e+03 0.000000e+00 2.300000e+04 8.295126e-02 0.000000e+00 3.117945e-02 5.257409e+04 -1.494651e+05 -2.575057e+04 1.749346e+04 -3.064768e-01 2.469132e+03 -1.263135e+00 
8.300000e+03 0.000000e+00 2.300000e+04 8.233260e-02 0.000000e+00 3.010406e-02 5.328949e+04 -1.499185e+05 -2.610098e+04 1.615097e+04 -2.266779e-01 4.093702e+03 -1.414257e+00 
8.400000e+03 0.000000e+00 2.300000e+04 8.171348e-02 0.000000e+00 2.905859e-02 5.395204e+04 -1.503224e+05 -2.642549e+04 1.489173e+04 -3.742546e-01 5.608833e+03 -1.556615e+00 
8.500000e+03 0.000000e+00 2.300000e+04 8.109402e-02 0.000000e+00 2.804213e-02 5.456386e+04 -1.506770e+05 -2.672515e+04 1.371053e+04 -8.058632e-01 7.019880e+03 -1.700456e+00 
8.600000e+03 0.000000e+00 2.300000e+04 8.047435e-02 0.000000e+00 2.705375e-02 5.512757e+04 -1.509834e+05 -2.700126e+04 1.260193e+04 -1.222399e+00 8.331948e+03 -1.894397e+00 
8.700000e+03 0.000000e+00 2.300000e+04 7.985456e-02 0.000000e+00 2.609256e-02 5.564556e+04 -1.512434e+05 -2.725497e+04 1.156169e+04 -1.347502e+00 9.551880e+03 -2.021774e+00 
8.800000e+03 0.000000e+00 2.300000e+04 7.923479e-02 0.000000e+00 2.515774e-02 5.612026e+04 -1.514600e+05 -2.748748e+04 1.058673e+04 -1.324133e+00 1.068397e+04 -2.055203e+00 
8.900000e+03 0.000000e+00 2.300000e+04 7.861515e-02 0.000000e+00 2.424846e-02 5.655415e+04 -1.516359e+05 -2.769999e+04 9.673395e+03 -1.452282e+00 1.173261e+04 -2.092198e+00 
9.000000e+03 0.000000e+00 2.300000e+04 7.799574e-02 0.000000e+00 2.336393e-02 5.694791e+04 -1.517692e+05 -2.789285e+04 8.818297e+03 -1.649007e+00 1.270401e+04 -2.193278e+00 
9.100000e+03 0.000000e+00 2.300000e+04 7.737668e-02 0.000000e+00 2.250340e-02 5.730435e+04 -1.518629e+05 -2.806744e+04 8.017274e+03 -1.604012e+00 1.360229e+04 -2.352266e+00 
9.200000e+03 0.000000e+00 2.300000e+04 7.675805e-02 0.000000e+00 2.166611e-02 5.762595e+04 -1.519201e+05 -2.822496e+04 7.267195e+03 -1.356196e+00 1.443135e+04 -2.482651e+00 
9.300000e+03 0.000000e+00 2.300000e+04 7.613997e-02 0.000000e+00 2.085138e-02 5.791304e+04 -1.519397e+05 -2.836557e+04 6.566167e+03 -1.119457e+00 1.519551e+04 -2.560360e+00 
9.400000e+03 0.000000e+00 2.300000e+04 7.552255e-02 0.000000e+00 2.005848e-02 5.816816e+04 -1.519244e+05 -2.849053e+04 5.910479e+03 -7.952551e-01 1.589827e+04 -2.493546e+00 
9.500000e+03 0.000000e+00 2.300000e+04 7.490585e-02 0.000000e+00 1.928675e-02 5.839373e+04 -1.518765e+05 -2.860101e+04 5.296305e+03 -2.590701e-01 1.654286e+04 -2.299611e+00 
9.600000e+03 0.000000e+00 2.300000e+04 7.428999e-02 0.000000e+00 1.853558e-02 5.859169e+04 -1.517979e+05 -2.869797e+04 4.720830e+03 2.931833e-01 1.713211e+04 -2.127987e+00 
9.700000e+03 0.000000e+00 2.300000e+04 7.367504e-02 0.000000e+00 1.780429e-02 5.876156e+04 -1.516869e+05 -2.878117e+04 4.183359e+03 6.670569e-01 1.766976e+04 -1.856404e+00 
9.800000e+03 0.000000e+00 2.300000e+04 7.306112e-02 0.000000e+00 1.709231e-02 5.890543e+04 -1.515467e+05 -2.885164e+04 3.681995e+03 8.557050e-01 1.815898e+04 -1.543019e+00 
9.900000e+03 0.000000e+00 2.300000e+04 7.244828e-02 0.000000e+00 1.639907e-02 5.902569e+04 -1.513804e+05 -2.891054e+04 3.213902e+03 8.697373e-01 1.860280e+04 -1.339283e+00 
1.000000e+04 0.000000e+00 2.300000e+04 7.183660e-02 0.000000e+00 1.572399e-02 5.912275e+04 -1.511866e+05 -2.895808e+04 2.776415e+03 7.789958e-01 1.900428e+04 -1.179739e+00 
1.010000e+04 0.000000e+00 2.300000e+04 7.122617e-02 0.000000e+00 1.506656e-02 5.919750e+04 -1.509654e+05 -2.899469e+04 2.367644e+03 6.956060e-01 1.936472e+04 -1.183864e+00 
1.020000e+04 0.000000e+00 2.300000e+04 7.061706e-02 0.000000e+00 1.442622e-02 5.925176e+04 -1.507205e+05 -2.902127e+04 1.986494e+03 6.950082e-01 1.968638e+04 -1.268101e+00 
1.030000e+04 0.000000e+00 2.300000e+04 7.000933e-02 0.000000e+00 1.380245e-02 5.928732e+04 -1.504542e+05 -2.903869e+04 1.630924e+03 6.662415e-01 1.997298e+04 -1.242643e+00 
1.040000e+04 0.000000e+00 2.300000e+04 6.940306e-02 0.000000e+00 1.319479e-02 5.930421e+04 -1.501652e+05 -2.904696e+04 1.299508e+03 5.084082e-01 2.022634e+04 -1.203796e+00 
1.050000e+04 0.000000e+00 2.300000e+04 6.879829e-02 0.000000e+00 1.260275e-02 5.930340e+04 -1.498542e+05 -2.904656e+04 9.906124e+02 3.953252e-01 2.044846e+04 -1.061981e+00 
1.060000e+04 0.000000e+00 2.300000e+04 6.819511e-02 0.000000e+00 1.202587e-02 5.928718e+04 -1.495250e+05 -2.903862e+04 7.020603e+02 3.134973e-01 2.064144e+04 -8.168862e-01 
1.070000e+04 0.000000e+00 2.300000e+04 6.759356e-02 0.000000e+00 1.146373e-02 5.925566e+04 -1.491778e+05 -2.902318e+04 4.339580e+02 1.035816e-01 2.080548e+04 -6.479898e-01 
1.080000e+04 0.000000e+00 2.300000e+04 6.699369e-02 0.000000e+00 1.091587e-02 5.920908e+04 -1.488127e+05 -2.900037e+04 1.858311e+02 -9.720603e-02 2.094302e+04 -4.578875e-01 
1.090000e+04 0.000000e+00 2.300000e+04 6.639555e-02 0.000000e+00 1.038188e-02 5.914846e+04 -1.484304e+05 -2.897068e+04 -4.433153e+01 -9.031934e-02 2.105664e+04 -2.561470e-01 
1.100000e+04 0.000000e+00 2.300000e+04 6.579920e-02 0.000000e+00 9.861398e-03 5.907677e+04 -1.480355e+05 -2.893556e+04 -2.592649e+02 4.452555e-02 2.114726e+04 -8.185153e-02 
1.110000e+04 0.000000e+00 2.300000e+04 6.520465e-02 0.000000e+00 9.353994e-03 5.899371e+04 -1.476266e+05 -2.889488e+04 -4.596535e+02 1.021420e-01 2.121640e+04 2.125400e-01 
1.120000e+04 0.000000e+00 2.300000e+04 6.461197e-02 0.000000e+00 8.859319e-03 5.889786e+04 -1.472005e+05 -2.884793e+04 -6.451923e+02 1.536879e-01 2.126545e+04 5.758886e-01 
1.130000e+04 0.000000e+00 2.300000e+04 6.402120e-02 0.000000e+00 8.377004e-03 5.879288e+04 -1.467644e+05 -2.879651e+04 -8.177537e+02 3.355749e-01 2.129563e+04 9.939678e-01 
1.140000e+04 0.000000e+00 2.300000e+04 6.343236e-02 0.000000e+00 7.906684e-03 5.867794e+04 -1.463165e+05 -2.874022e+04 -9.771320e+02 4.901331e-01 2.130826e+04 1.441992e+00 
1.150000e+04 0.000000e+00 2.300000e+04 6.284551e-02 0.000000e+00 7.448050e-03 5.855238e+04 -1.458547e+05 -2.867871e+04 -1.123726e+03 4.922201e-01 2.130366e+04 1.671380e+00 
1.160000e+04 0.000000e+00 2.300000e+04 6.226067e-02 0.000000e+00 7.000748e-03 5.841779e+04 -1.453815e+05 -2.861280e+04 -1.259117e+03 5.592250e-01 2.128303e+04 1.740049e+00 
1.170000e+04 0.000000e+00 2.300000e+04 6.167787e-02 0.000000e+00 6.564455e-03 5.827611e+04 -1.449000e+05 -2.854340e+04 -1.384901e+03 8.054774e-01 2.124867e+04 1.822794e+00 
1.180000e+04 0.000000e+00 2.300000e+04 6.109715e-02 0.000000e+00 6.138900e-03 5.812702e+04 -1.444096e+05 -2.847038e+04 -1.501076e+03 9.979738e-01 2.120141e+04 1.845986e+00 
1.190000e+04 0.000000e+00 2.300000e+04 6.051854e-02 0.000000e+00 5.723775e-03 5.796967e+04 -1.439089e+05 -2.839331e+04 -1.606777e+03 1.129861e+00 2.114153e+04 1.840043e+00 
1.200000e+04 0.000000e+00 2.300000e+04 5.994204e-02 0.000000e+00 5.318786e-03 5.780663e+04 -1.434029e+05 -2.831345e+04 -1.703580e+03 1.357179e+00 2.106905e+04 1.782593e+00 
1.210000e+04 0.000000e+00 2.300000e+04 5.936768e-02 0.000000e+00 4.923665e-03 5.763802e+04 -1.428913e+05 -2.823087e+04 -1.791881e+03 1.590189e+00 2.098501e+04 1.634412e+00 
1.220000e+04 0.000000e+00 2.300000e+04 5.879547e-02 0.000000e+00 4.538121e-03 5.746373e+04 -1.423736e+05 -2.814550e+04 -1.872096e+03 1.662407e+00 2.089134e+04 1.605372e+00 
1.230000e+04 0.000000e+00 2.300000e+04 5.822544e-02 0.000000e+00 4.161904e-03 5.728488e+04 -1.418504e+05 -2.805790e+04 -1.946301e+03 1.557616e+00 2.078905e+04 1.653575e+00 
1.240000e+04 0.000000e+00 2.300000e+04 5.765759e-02 0.000000e+00 3.794782e-03 5.710088e+04 -1.413204e+05 -2.796778e+04 -2.014485e+03 1.492516e+00 2.067807e+04 1.634988e+00 
1.250000e+04 0.000000e+00 2.300000e+04 5.709194e-02 0.000000e+00 3.436485e-03 5.691245e+04 -1.407852e+05 -2.787548e+04 -2.076658e+03 1.554803e+00 2.055854e+04 1.693738e+00 
1.260000e+04 0.000000e+00 2.300000e+04 5.652852e-02 0.000000e+00 3.086776e-03 5.672072e+04 -1.402472e+05 -2.778158e+04 -2.133341e+03 1.508321e+00 2.043108e+04 1.752991e+00 
1.270000e+04 0.000000e+00 2.300000e+04 5.596732e-02 0.000000e+00 2.745433e-03 5.652503e+04 -1.397054e+05 -2.768573e+04 -2.184003e+03 1.329647e+00 2.029598e+04 1.621759e+00 
1.280000e+04 0.000000e+00 2.300000e+04 5.540835e-02 0.000000e+00 2.412215e-03 5.632520e+04 -1.391587e+05 -2.758785e+04 -2.229030e+03 1.287689e+00 2.015468e+04 1.459319e+00 
1.290000e+04 0.000000e+00 2.300000e+04 5.485163e-02 0.000000e+00 2.086917e-03 5.612218e+04 -1.386091e+05 -2.748842e+04 -2.269013e+03 1.386413e+00 2.000788e+04 1.401353e+00 
1.300000e+04 0.000000e+00 2.300000e+04 5.429716e-02 0.000000e+00 1.769338e-03 5.591713e+04 -1.380587e+05 -2.738798e+04 -2.304683e+03 1.497128e+00 1.985505e+04 1.402717e+00 
1.310000e+04 0.000000e+00 2.300000e+04 5.374493e-02 0.000000e+00 1.459267e-03 5.570989e+04 -1.375067e+05 -2.728648e+04 -2.336488e+03 1.711467e+00 1.969658e+04 1.380228e+00 
1.320000e+04 0.000000e+00 2.300000e+04 5.319496e-02 0.000000e+00 1.156515e-03 5.550087e+04 -1.369543e+05 -2.718410e+04 -2.364244e+03 1.960377e+00 1.953370e+04 1.208059e+00 
1.330000e+04 0.000000e+00 2.300000e+04 5.264724e-02 0.000000e+00 8.608912e-04 5.528924e+04 -1.363994e+05 -2.708044e+04 -2.387889e+03 2.097986e+00 1.936748e+04 1.013477e+00 
1.340000e+04 0.000000e+00 2.300000e+04 5.210177e-02 0.000000e+00 5.722043e-04 5.507610e+04 -1.358437e+05 -2.697605e+04 -2.408549e+03 2.227338e+00 1.919791e+04 1.008640e+00 
1.350000e+04 0.000000e+00 2.300000e+04 5.155856e-02 0.000000e+00 2.902914e-04 5.486194e+04 -1.352884e+05 -2.687116e+04 -2.426258e+03 2.396411e+00 1.902446e+04 1.065827e+00 
1.360000e+04 0.000000e+00 2.300000e+04 5.101760e-02 0.000000e+00 1.497912e-05 5.464562e+04 -1.347304e+05 -2.676520e+04 -2.441226e+03 2.512826e+00 1.884735e+04 1.108424e+00 
1.370000e+04 0.000000e+00 2.300000e+04 5.047890e-02 0.000000e+00 -2.539157e-04 5.442823e+04 -1.341716e+05 -2.665872e+04 -2.454383e+03 2.591092e+00 1.866708e+04 1.191038e+00 
1.380000e+04 0.000000e+00 2.300000e+04 4.994246e-02 0.000000e+00 -5.165396e-04 5.421102e+04 -1.336150e+05 -2.655234e+04 -2.465708e+03 2.700344e+00 1.848483e+04 1.134223e+00 
1.390000e+04 0.000000e+00 2.300000e+04 4.940827e-02 0.000000e+00 -7.730290e-04 5.399428e+04 -1.330618e+05 -2.644618e+04 -2.474855e+03 2.766501e+00 1.830096e+04 8.738170e-01 
1.400000e+04 0.000000e+00 2.300000e+04 4.887630e-02 0.000000e+00 -1.023562e-03 5.377564e+04 -1.325073e+05 -2.633909e+04 -2.480548e+03 2.715639e+00 1.811441e+04 5.829662e-01 
1.410000e+04 0.000000e+00 2.300000e+04 4.834659e-02 0.000000e+00 -1.268299e-03 5.355680e+04 -1.319541e+05 -2.623190e+04 -2.484369e+03 2.531168e+00 1.792505e+04 2.427077e-01 
1.420000e+04 0.000000e+00 2.300000e+04 4.781909e-02 0.000000e+00 -1.507382e-03 5.333811e+04 -1.314029e+05 -2.612479e+04 -2.486613e+03 2.309972e+00 1.773356e+04 -2.111270e-01 
1.430000e+04 0.000000e+00 2.300000e+04 4.729381e-02 0.000000e+00 -1.740963e-03 5.311875e+04 -1.308522e+05 -2.601735e+04 -2.486697e+03 2.191920e+00 1.754153e+04 -5.748425e-01 
1.440000e+04 0.000000e+00 2.300000e+04 4.677074e-02 0.000000e+00 -1.969166e-03 5.290102e+04 -1.303066e+05 -2.591070e+04 -2.485785e+03 2.030507e+00 1.734846e+04 -7.381321e-01 
1.450000e+04 0.000000e+00 2.300000e+04 4.624986e-02 0.000000e+00 -2.192113e-03 5.268364e+04 -1.297640e+05 -2.580423e+04 -2.482705e+03 1.662216e+00 1.715405e+04 -7.785451e-01 
1.460000e+04 0.000000e+00 2.300000e+04 4.573116e-02 0.000000e+00 -2.409934e-03 5.246616e+04 -1.292231e+05 -2.569771e+04 -2.477698e+03 1.213371e+00 1.695864e+04 -6.722521e-01 
1.470000e+04 0.000000e+00 2.300000e+04 4.521462e-02 0.000000e+00 -2.622765e-03 5.224990e+04 -1.286857e+05 -2.559179e+04 -2.472212e+03 7.512991e-01 1.676116e+04 -5.629300e-01 
1.480000e+04 0.000000e+00 2.300000e+04 4.470024e-02 0.000000e+00 -2.830726e-03 5.203498e+04 -1.281521e+05 -2.548652e+04 -2.466285e+03 1.812803e-01 1.656332e+04 -5.588000e-01 
1.490000e+04 0.000000e+00 2.300000e+04 4.418799e-02 0.000000e+00 -3.033939e-03 5.181990e+04 -1.276198e+05 -2.538118e+04 -2.458687e+03 -3.950925e-01 1.636577e+04 -4.766438e-01 
1.500000e+04 0.000000e+00 2.300000e+04 4.367787e-02 0.000000e+00 -3.232515e-03 5.160524e+04 -1.270908e+05 -2.527603e+04 -2.448898e+03 -8.791863e-01 1.616863e+04 -3.585624e-01 
1.510000e+04 0.000000e+00 2.300000e+04 4.316985e-02 0.000000e+00 -3.426541e-03 5.139208e+04 -1.265667e+05 -2.517163e+04 -2.437926e+03 -1.333677e+00 1.597200e+04 -2.826208e-01 
1.520000e+04 0.000000e+00 2.300000e+04 4.266393e-02 0.000000e+00 -3.616142e-03 5.117951e+04 -1.260448e+05 -2.506752e+04 -2.426201e+03 -1.739955e+00 1.577464e+04 -1.013110e-01 
1.530000e+04 0.000000e+00 2.300000e+04 4.216008e-02 0.000000e+00 -3.801421e-03 5.096738e+04 -1.255250e+05 -2.496362e+04 -2.413536e+03 -1.989944e+00 1.557682e+04 6.500737e-02 
1.540000e+04 0.000000e+00 2.300000e+04 4.165830e-02 0.000000e+00 -3.982461e-03 5.075685e+04 -1.250095e+05 -2.486050e+04 -2.400593e+03 -2.021793e+00 1.537834e+04 -3.434402e-02 
1.550000e+04 0.000000e+00 2.300000e+04 4.115857e-02 0.000000e+00 -4.159391e-03 5.054981e+04 -1.245017e+05 -2.475909e+04 -2.388638e+03 -2.001977e+00 1.518022e+04 -2.709092e-01 
1.560000e+04 0.000000e+00 2.300000e+04 4.066086e-02 0.000000e+00 -4.332300e-03 5.034455e+04 -1.239981e+05 -2.465855e+04 -2.377004e+03 -2.096380e+00 1.498336e+04 -4.786670e-01 
1.570000e+04 0.000000e+00 2.300000e+04 4.016516e-02 0.000000e+00 -4.501261e-03 5.013908e+04 -1.234949e+05 -2.455792e+04 -2.364381e+03 -2.218473e+00 1.478608e+04 -7.068887e-01 
1.580000e+04 0.000000e+00 2.300000e+04 3.967147e-02 0.000000e+00 -4.666393e-03 4.993482e+04 -1.229957e+05 -2.445787e+04 -2.350923e+03 -2.234422e+00 1.458881e+04 -8.414567e-01 
1.590000e+04 0.000000e+00 2.300000e+04 3.917977e-02 0.000000e+00 -4.827780e-03 4.973290e+04 -1.225028e+05 -2.435897e+04 -2.336929e+03 -2.208999e+00 1.439321e+04 -7.354031e-01 
1.600000e+04 0.000000e+00 2.300000e+04 3.869002e-02 0.000000e+00 -4.985479e-03 4.953185e+04 -1.220133e+05 -2.426050e+04 -2.321716e+03 -2.137809e+00 1.419860e+04 -4.551278e-01 
1.610000e+04 0.000000e+00 2.300000e+04 3.820221e-02 0.000000e+00 -5.139587e-03 4.933129e+04 -1.215259e+05 -2.416226e+04 -2.305729e+03 -1.836352e+00 1.400423e+04 -4.722865e-02 
1.620000e+04 0.000000e+00 2.300000e+04 3.771634e-02 0.000000e+00 -5.290191e-03 4.913350e+04 -1.210449e+05 -2.406539e+04 -2.290273e+03 -1.395911e+00 1.381040e+04 3.309499e-01 
1.630000e+04 0.000000e+00 2.300000e+04 3.723237e-02 0.000000e+00 -5.437353e-03 4.893781e+04 -1.205692e+05 -2.396954e+04 -2.274669e+03 -8.807695e-01 1.361762e+04 4.522904e-01 
1.640000e+04 0.000000e+00 2.300000e+04 3.675029e-02 0.000000e+00 -5.581157e-03 4.874408e+04 -1.200985e+05 -2.387465e+04 -2.259132e+03 -2.302993e-01 1.342550e+04 4.487980e-01 
1.650000e+04 0.000000e+00 2.300000e+04 3.627008e-02 0.000000e+00 -5.721695e-03 4.855458e+04 -1.196370e+05 -2.378184e+04 -2.244907e+03 1.963362e-01 1.323403e+04 4.588311e-01 
1.660000e+04 0.000000e+00 2.300000e+04 3.579171e-02 0.000000e+00 -5.859018e-03 4.836600e+04 -1.191789e+05 -2.368947e+04 -2.229669e+03 1.676711e-01 1.304345e+04 3.847961e-01 
1.670000e+04 0.000000e+00 2.300000e+04 3.531517e-02 0.000000e+00 -5.993196e-03 4.817710e+04 -1.187216e+05 -2.359695e+04 -2.212760e+03 9.375045e-02 1.285261e+04 2.937301e-01 
1.680000e+04 0.000000e+00 2.300000e+04 3.484044e-02 0.000000e+00 -6.124320e-03 4.798987e+04 -1.182685e+05 -2.350524e+04 -2.195868e+03 2.349282e-01 1.266203e+04 2.976758e-01 
1.690000e+04 0.000000e+00 2.300000e+04 3.436751e-02 0.000000e+00 -6.252454e-03 4.780570e+04 -1.178226e+05 -2.341504e+04 -2.179506e+03 3.311485e-01 1.247284e+04 3.017321e-01 
1.700000e+04 0.000000e+00 2.300000e+04 3.389634e-02 0.000000e+00 -6.377655e-03 4.762557e+04 -1.173860e+05 -2.332681e+04 -2.163880e+03 1.843864e-01 1.228532e+04 3.450977e-01 
1.710000e+04 0.000000e+00 2.300000e+04 3.342690e-02 0.000000e+00 -6.499978e-03 4.744604e+04 -1.169515e+05 -2.323888e+04 -2.147706e+03 -1.098295e-01 1.209876e+04 6.164011e-01 
1.720000e+04 0.000000e+00 2.300000e+04 3.295920e-02 0.000000e+00 -6.619498e-03 4.726802e+04 -1.165204e+05 -2.315168e+04 -2.131986e+03 -3.584906e-01 1.191315e+04 1.067545e+00 
1.730000e+04 0.000000e+00 2.300000e+04 3.249320e-02 0.000000e+00 -6.736262e-03 4.709135e+04 -1.160924e+05 -2.306515e+04 -2.116558e+03 -3.295996e-01 1.172903e+04 1.556067e+00 
1.740000e+04 0.000000e+00 2.300000e+04 3.202890e-02 0.000000e+00 -6.850320e-03 4.691721e+04 -1.156705e+05 -2.297986e+04 -2.101299e+03 -6.453479e-03 1.154518e+04 1.967669e+00 
1.750000e+04 0.000000e+00 2.300000e+04 3.156625e-02 0.000000e+00 -6.961734e-03 4.674740e+04 -1.152588e+05 -2.289668e+04 -2.086696e+03 3.129110e-01 1.136235e+04 2.177684e+00 
1.760000e+04 0.000000e+00 2.300000e+04 3.110524e-02 0.000000e+00 -7.070547e-03 4.657740e+04 -1.148480e+05 -2.281342e+04 -2.070724e+03 6.334723e-01 1.118083e+04 2.124924e+00 
1.770000e+04 0.000000e+00 2.300000e+04 3.064586e-02 0.000000e+00 -7.176821e-03 4.640978e+04 -1.144426e+05 -2.273132e+04 -2.055365e+03 1.067953e+00 1.100056e+04 1.844490e+00 
1.780000e+04 0.000000e+00 2.300000e+04 3.018807e-02 0.000000e+00 -7.280615e-03 4.624481e+04 -1.140437e+05 -2.265052e+04 -2.040209e+03 1.454814e+00 1.082192e+04 1.530832e+00 
1.790000e+04 0.000000e+00 2.300000e+04 2.973188e-02 0.000000e+00 -7.381984e-03 4.608028e+04 -1.136477e+05 -2.256993e+04 -2.023214e+03 1.880836e+00 1.064417e+04 1.253950e+00 
1.800000e+04 0.000000e+00 2.300000e+04 2.927725e-02 0.000000e+00 -7.480969e-03 4.591945e+04 -1.132604e+05 -2.249116e+04 -2.006839e+03 2.285524e+00 1.046733e+04 8.827144e-01 
1.810000e+04 0.000000e+00 2.300000e+04 2.882415e-02 0.000000e+00 -7.577618e-03 4.576138e+04 -1.128786e+05 -2.241374e+04 -1.991769e+03 2.396281e+00 1.029111e+04 5.262235e-01 
1.820000e+04 0.000000e+00 2.300000e+04 2.837257e-02 0.000000e+00 -7.671994e-03 4.560543e+04 -1.125015e+05 -2.233735e+04 -1.977447e+03 2.428841e+00 1.011594e+04 4.321998e-01 
1.830000e+04 0.000000e+00 2.300000e+04 2.792248e-02 0.000000e+00 -7.764134e-03 4.545116e+04 -1.121286e+05 -2.226179e+04 -1.963109e+03 2.560016e+00 9.941996e+03 5.778853e-01 
1.840000e+04 0.000000e+00 2.300000e+04 2.747387e-02 0.000000e+00 -7.854078e-03 4.529977e+04 -1.117618e+05 -2.218764e+04 -1.949829e+03 2.624036e+00 9.768687e+03 8.542625e-01 
1.850000e+04 0.000000e+00 2.300000e+04 2.702671e-02 0.000000e+00 -7.941877e-03 4.515219e+04 -1.114037e+05 -2.211536e+04 -1.937539e+03 2.542791e+00 9.596300e+03 1.207352e+00 
1.860000e+04 0.000000e+00 2.300000e+04 2.658097e-02 0.000000e+00 -8.027568e-03 4.500608e+04 -1.110505e+05 -2.204380e+04 -1.923953e+03 2.265486e+00 9.424742e+03 1.497407e+00 
1.870000e+04 0.000000e+00 2.300000e+04 2.613664e-02 0.000000e+00 -8.111193e-03 4.486129e+04 -1.107015e+05 -2.197288e+04 -1.909461e+03 1.756122e+00 9.254172e+03 1.754872e+00 
1.880000e+04 0.000000e+00 2.300000e+04 2.569369e-02 0.000000e+00 -8.192800e-03 4.471705e+04 -1.103547e+05 -2.190223e+04 -1.894231e+03 1.312132e+00 9.084945e+03 2.074575e+00 
1.890000e+04 0.000000e+00 2.300000e+04 2.525211e-02 0.000000e+00 -8.272409e-03 4.457500e+04 -1.100133e+05 -2.183265e+04 -1.879047e+03 1.170862e+00 8.917050e+03 2.211014e+00 
1.900000e+04 0.000000e+00 2.300000e+04 2.481186e-02 0.000000e+00 -8.350048e-03 4.443613e+04 -1.096791e+05 -2.176463e+04 -1.864656e+03 1.153099e+00 8.749868e+03 2.011915e+00 
1.910000e+04 0.000000e+00 2.300000e+04 2.437294e-02 0.000000e+00 -8.425784e-03 4.430191e+04 -1.093551e+05 -2.169889e+04 -1.851769e+03 1.053179e+00 8.583649e+03 1.720789e+00 
1.920000e+04 0.000000e+00 2.300000e+04 2.393528e-02 0.000000e+00 -8.499638e-03 4.416941e+04 -1.090353e+05 -2.163400e+04 -1.838976e+03 7.632181e-01 8.419040e+03 1.446098e+00 
1.930000e+04 0.000000e+00 2.300000e+04 2.349892e-02 0.000000e+00 -8.571620e-03 4.403676e+04 -1.087155e+05 -2.156903e+04 -1.825810e+03 3.899391e-01 8.255316e+03 1.074776e+00 
1.940000e+04 0.000000e+00 2.300000e+04 2.306381e-02 0.000000e+00 -8.641791e-03 4.390873e+04 -1.084056e+05 -2.150632e+04 -1.814262e+03 1.586122e-01 8.092920e+03 7.633062e-01 
1.950000e+04 0.000000e+00 2.300000e+04 2.262991e-02 0.000000e+00 -8.710193e-03 4.378307e+04 -1.081020e+05 -2.144477e+04 -1.802473e+03 5.764124e-02 7.931657e+03 6.668824e-01 
1.960000e+04 0.000000e+00 2.300000e+04 2.219722e-02 0.000000e+00 -8.776848e-03 4.366006e+04 -1.078053e+05 -2.138452e+04 -1.790367e+03 -1.393413e-01 7.771053e+03 5.867382e-01 
1.970000e+04 0.000000e+00 2.300000e+04 2.176569e-02 0.000000e+00 -8.841777e-03 4.353901e+04 -1.075138e+05 -2.132523e+04 -1.778006e+03 -4.579153e-01 7.611186e+03 5.275636e-01 
1.980000e+04 0.000000e+00 2.300000e+04 2.133532e-02 0.000000e+00 -8.905028e-03 4.341929e+04 -1.072256e+05 -2.126659e+04 -1.765686e+03 -6.716868e-01 7.452039e+03 7.443718e-01 
1.990000e+04 0.000000e+00 2.300000e+04 2.090608e-02 0.000000e+00 -8.966626e-03 4.330317e+04 -1.069453e+05 -2.120972e+04 -1.754508e+03 -8.603757e-01 7.294149e+03 1.075967e+00 
2.000000e+04 0.000000e+00 2.300000e+04 2.047795e-02 0.000000e+00 -9.026585e-03 4.318866e+04 -1.066690e+05 -2.115363e+04 -1.743310e+03 -1.200023e+00 7.136983e+03 1.163130e+00 
2.010000e+04 0.000000e+00 2.300000e+04 2.005092e-02 0.000000e+00 -9.084950e-03 4.307614e+04 -1.063981e+05 -2.109852e+04 -1.731838e+03 -1.567408e+00 6.980580e+03 1.171899e+00 
2.020000e+04 0.000000e+00 2.300000e+04 1.962495e-02 0.000000e+00 -9.141743e-03 4.296535e+04 -1.061320e+05 -2.104425e+04 -1.719765e+03 -1.780863e+00 6.824917e+03 1.403668e+00 
2.030000e+04 0.000000e+00 2.300000e+04 1.920003e-02 0.000000e+00 -9.196984e-03 4.285702e+04 -1.058718e+05 -2.099120e+04 -1.708032e+03 -1.792738e+00 6.669963e+03 1.711506e+00 
2.040000e+04 0.000000e+00 2.300000e+04 1.877612e-02 0.000000e+00 -9.250697e-03 4.275148e+04 -1.056182e+05 -2.093950e+04 -1.696756e+03 -1.653327e+00 6.515847e+03 1.894617e+00 
2.050000e+04 0.000000e+00 2.300000e+04 1.835320e-02 0.000000e+00 -9.302919e-03 4.264849e+04 -1.053707e+05 -2.088905e+04 -1.685670e+03 -1.403324e+00 6.362965e+03 2.031568e+00 
2.060000e+04 0.000000e+00 2.300000e+04 1.793126e-02 0.000000e+00 -9.353659e-03 4.254818e+04 -1.051298e+05 -2.083993e+04 -1.674826e+03 -1.102719e+00 6.211209e+03 2.169173e+00 
2.070000e+04 0.000000e+00 2.300000e+04 1.751026e-02 0.000000e+00 -9.402931e-03 4.244978e+04 -1.048938e+05 -2.079173e+04 -1.663800e+03 -8.350724e-01 6.059745e+03 2.168745e+00 
2.080000e+04 0.000000e+00 2.300000e+04 1.709020e-02 0.000000e+00 -9.450774e-03 4.235474e+04 -1.046648e+05 -2.074518e+04 -1.654198e+03 -6.608808e-01 5.908505e+03 2.055286e+00 
2.090000e+04 0.000000e+00 2.300000e+04 1.667104e-02 0.000000e+00 -9.497220e-03 4.226133e+04 -1.044389e+05 -2.069943e+04 -1.645675e+03 -5.137544e-01 5.757417e+03 1.890211e+00 
2.100000e+04 0.000000e+00 2.300000e+04 1.625277e-02 0.000000e+00 -9.542280e-03 4.217056e+04 -1.042190e+05 -2.065497e+04 -1.637739e+03 -3.151017e-01 5.607098e+03 1.535822e+00 
2.110000e+04 0.000000e+00 2.300000e+04 1.583536e-02 0.000000e+00 -9.585964e-03 4.208230e+04 -1.040058e+05 -2.061174e+04 -1.629345e+03 -1.319148e-01 5.457207e+03 9.548185e-01 
2.120000e+04 0.000000e+00 2.300000e+04 1.541880e-02 0.000000e+00 -9.628303e-03 4.199553e+04 -1.037971e+05 -2.056924e+04 -1.620213e+03 -8.074806e-02 5.308548e+03 3.807881e-01 
2.130000e+04 0.000000e+00 2.300000e+04 1.500306e-02 0.000000e+00 -9.669311e-03 4.191113e+04 -1.035940e+05 -2.052790e+04 -1.611476e+03 -1.359607e-01 5.160921e+03 6.531435e-02 
2.140000e+04 0.000000e+00 2.300000e+04 1.458811e-02 0.000000e+00 -9.709020e-03 4.182863e+04 -1.033952e+05 -2.048749e+04 -1.603229e+03 -1.213378e-01 5.013383e+03 -7.246920e-02 
2.150000e+04 0.000000e+00 2.300000e+04 1.417395e-02 0.000000e+00 -9.747442e-03 4.174961e+04 -1.032040e+05 -2.044879e+04 -1.596059e+03 -1.266546e-01 4.866335e+03 -2.430694e-01 
2.160000e+04 0.000000e+00 2.300000e+04 1.376054e-02 0.000000e+00 -9.784606e-03 4.167212e+04 -1.030170e+05 -2.041083e+04 -1.588496e+03 -2.156321e-01 4.719939e+03 -4.095799e-01 
2.170000e+04 0.000000e+00 2.300000e+04 1.334787e-02 0.000000e+00 -9.820531e-03 4.159678e+04 -1.028353e+05 -2.037393e+04 -1.581112e+03 -2.044968e-01 4.574873e+03 -3.288481e-01 
2.180000e+04 0.000000e+00 2.300000e+04 1.293590e-02 0.000000e+00 -9.855225e-03 4.152448e+04 -1.026602e+05 -2.033852e+04 -1.574704e+03 -1.156441e-01 4.429635e+03 -3.291824e-02 
2.190000e+04 0.000000e+00 2.300000e+04 1.252462e-02 0.000000e+00 -9.888700e-03 4.145365e+04 -1.024891e+05 -2.030383e+04 -1.568013e+03 -6.429736e-02 4.284503e+03 1.298924e-01 
2.200000e+04 0.000000e+00 2.300000e+04 1.211402e-02 0.000000e+00 -9.920952e-03 4.138463e+04 -1.023228e+05 -2.027002e+04 -1.561091e+03 -3.571683e-03 4.140195e+03 1.586365e-01 
2.210000e+04 0.000000e+00 2.300000e+04 1.170406e-02 0.000000e+00 -9.952012e-03 4.131784e+04 -1.021618e+05 -2.023731e+04 -1.554432e+03 1.942783e-01 3.995204e+03 2.436088e-01 
2.220000e+04 0.000000e+00 2.300000e+04 1.129473e-02 0.000000e+00 -9.981910e-03 4.125401e+04 -1.020079e+05 -2.020605e+04 -1.548071e+03 4.018162e-01 3.851588e+03 4.069500e-01 
2.230000e+04 0.000000e+00 2.300000e+04 1.088601e-02 0.000000e+00 -1.001064e-02 4.119183e+04 -1.018590e+05 -2.017559e+04 -1.540885e+03 4.912173e-01 3.709555e+03 7.014872e-01 
2.240000e+04 0.000000e+00 2.300000e+04 1.047787e-02 0.000000e+00 -1.003822e-02 4.113142e+04 -1.017143e+05 -2.014600e+04 -1.533972e+03 6.163114e-01 3.566610e+03 1.094984e+00 
2.250000e+04 0.000000e+00 2.300000e+04 1.007029e-02 0.000000e+00 -1.006467e-02 4.107379e+04 -1.015750e+05 -2.011778e+04 -1.528637e+03 7.589859e-01 3.424291e+03 1.436812e+00 
2.260000e+04 0.000000e+00 2.300000e+04 9.663266e-03 0.000000e+00 -1.008999e-02 4.101838e+04 -1.014413e+05 -2.009063e+04 -1.523195e+03 8.637065e-01 3.283171e+03 1.564596e+00 
2.270000e+04 0.000000e+00 2.300000e+04 9.256756e-03 0.000000e+00 -1.011420e-02 4.096561e+04 -1.013150e+05 -2.006479e+04 -1.517057e+03 9.375365e-01 3.143092e+03 1.436955e+00 
2.280000e+04 0.000000e+00 2.300000e+04 8.850740e-03 0.000000e+00 -1.013729e-02 4.091545e+04 -1.011949e+05 -2.004022e+04 -1.511218e+03 8.518126e-01 3.003681e+03 1.178587e+00 
2.290000e+04 0.000000e+00 2.300000e+04 8.445196e-03 0.000000e+00 -1.015927e-02 4.086775e+04 -1.010802e+05 -2.001686e+04 -1.506241e+03 6.668959e-01 2.864855e+03 8.769059e-01 
2.300000e+04 0.000000e+00 2.300000e+04 8.040092e-03 0.000000e+00 -1.018016e-02 4.082168e+04 -1.009693e+05 -1.999429e+04 -1.501426e+03 5.835094e-01 2.727086e+03 5.954801e-01 
2.310000e+04 0.000000e+00 2.300000e+04 7.635421e-03 0.000000e+00 -1.019996e-02 4.077824e+04 -1.008642e+05 -1.997302e+04 -1.497468e+03 5.503853e-01 2.588527e+03 3.751494e-01 
2.320000e+04 0.000000e+00 2.300000e+04 7.231158e-03 0.000000e+00 -1.021870e-02 4.073757e+04 -1.007656e+05 -1.995309e+04 -1.494040e+03 3.827519e-01 2.449563e+03 3.162638e-01 
2.330000e+04 0.000000e+00 2.300000e+04 6.827287e-03 0.000000e+00 -1.023639e-02 4.069805e+04 -1.006711e+05 -1.993374e+04 -1.489346e+03 9.842200e-02 2.311233e+03 4.776288e-01 
2.340000e+04 0.000000e+00 2.300000e+04 6.423775e-03 0.000000e+00 -1.025303e-02 4.066040e+04 -1.005809e+05 -1.991530e+04 -1.484963e+03 -6.753632e-02 2.173256e+03 5.750179e-01 
2.350000e+04 0.000000e+00 2.300000e+04 6.020603e-03 0.000000e+00 -1.026860e-02 4.062481e+04 -1.004950e+05 -1.989786e+04 -1.481548e+03 4.142757e-03 2.035985e+03 3.420789e-01 
2.360000e+04 0.000000e+00 2.300000e+04 5.617766e-03 0.000000e+00 -1.028312e-02 4.059144e+04 -1.004149e+05 -1.988152e+04 -1.477883e+03 2.205448e-01 1.898983e+03 -1.062967e-01 
2.370000e+04 0.000000e+00 2.300000e+04 5.215231e-03 0.000000e+00 -1.029661e-02 4.055967e+04 -1.003397e+05 -1.986596e+04 -1.473384e+03 6.321573e-01 1.762357e+03 -4.536367e-01 
2.380000e+04 0.000000e+00 2.300000e+04 4.812976e-03 0.000000e+00 -1.030909e-02 4.053083e+04 -1.002713e+05 -1.985184e+04 -1.469327e+03 1.078863e+00 1.625887e+03 -5.610491e-01 
2.390000e+04 0.000000e+00 2.300000e+04 4.410997e-03 0.000000e+00 -1.032055e-02 4.050563e+04 -1.002104e+05 -1.983949e+04 -1.466993e+03 1.127697e+00 1.489959e+03 -5.725219e-01 
2.400000e+04 0.000000e+00 2.300000e+04 4.009256e-03 0.000000e+00 -1.033099e-02 4.048243e+04 -1.001539e+05 -1.982813e+04 -1.465276e+03 9.536695e-01 1.354592e+03 -5.164269e-01 
2.410000e+04 0.000000e+00 2.300000e+04 3.607720e-03 0.000000e+00 -1.034044e-02 4.046121e+04 -1.001026e+05 -1.981774e+04 -1.463312e+03 8.689485e-01 1.217894e+03 -3.114357e-01 
2.420000e+04 0.000000e+00 2.300000e+04 3.206387e-03 0.000000e+00 -1.034891e-02 4.044228e+04 -1.000577e+05 -1.980847e+04 -1.460681e+03 8.053968e-01 1.081460e+03 -1.199936e-01 
2.430000e+04 0.000000e+00 2.300000e+04 2.805210e-03 0.000000e+00 -1.035635e-02 4.042589e+04 -1.000191e+05 -1.980044e+04 -1.458102e+03 7.745380e-01 9.461528e+02 -3.410175e-01 
2.440000e+04 0.000000e+00 2.300000e+04 2.404174e-03 0.000000e+00 -1.036278e-02 4.041164e+04 -9.998458e+04 -1.979346e+04 -1.456889e+03 6.305835e-01 8.109851e+02 -1.112007e+00 
2.450000e+04 0.000000e+00 2.300000e+04 2.003286e-03 0.000000e+00 -1.036821e-02 4.039917e+04 -9.995419e+04 -1.978735e+04 -1.455962e+03 2.551441e-01 6.757590e+02 -1.801046e+00 
2.460000e+04 0.000000e+00 2.300000e+04 1.602500e-03 0.000000e+00 -1.037267e-02 4.038870e+04 -9.992948e+04 -1.978222e+04 -1.454390e+03 -5.554938e-02 5.403001e+02 -1.672792e+00 
2.470000e+04 0.000000e+00 2.300000e+04 1.201796e-03 0.000000e+00 -1.037617e-02 4.037971e+04 -9.990914e+04 -1.977782e+04 -1.452182e+03 -1.486110e-01 4.055294e+02 -9.642320e-01 
2.480000e+04 0.000000e+00 2.300000e+04 8.011638e-04 0.000000e+00 -1.037865e-02 4.037363e+04 -9.989486e+04 -1.977484e+04 -1.451189e+03 -7.485120e-02 2.711873e+02 -7.976265e-01 
2.490000e+04 0.000000e+00 2.300000e+04 4.005654e-04 0.000000e+00 -1.038009e-02 4.037079e+04 -9.988701e+04 -1.977345e+04 -1.451909e+03 3.843820e-02 1.363670e+02 -1.969946e+00 
2.500000e+04 0.000000e+00 2.300000e+04 0.000000e+00 0.000000e+00 -1.038051e-02 4.036971e+04 -9.988395e+04 -1.977292e+04 -1.452254e+03 7.176576e-02 6.884410e+01 -2.919653e+00 
