#1 2 3 4 5 6 7  8  9 10 11 12 13
#x y z u v w p xx yy zz xy xz yz
0.000000e+00 0.000000e+00 2.500000e+04 0.000000e+00 0.000000e+00 2.822047e-01 -7.220086e+05 1.813848e+06 3.536369e+05 -1.458867e+03 -2.359369e-01 -1.649589e+03 -3.390799e+00 
9.765625e+01 0.000000e+00 2.500000e+04 7.297016e-03 0.000000e+00 2.820230e-01 -7.207298e+05 1.810629e+06 3.530105e+05 -1.449600e+03 -4.219078e-01 -3.289969e+03 -2.802140e+00 
1.953125e+02 0.000000e+00 2.500000e+04 1.456759e-02 0.000000e+00 2.814794e-01 -7.169073e+05 1.801007e+06 3.511383e+05 -1.423377e+03 -6.971535e-01 -6.541184e+03 -1.810155e+00 
2.929688e+02 0.000000e+00 2.500000e+04 2.178560e-02 0.000000e+00 2.805777e-01 -7.105842e+05 1.785092e+06 3.480412e+05 -1.381141e+03 -8.247172e-01 -9.715861e+03 -1.077932e+00 
3.906250e+02 0.000000e+00 2.500000e+04 2.892553e-02 0.000000e+00 2.793242e-01 -7.018310e+05 1.763064e+06 3.437540e+05 -1.324510e+03 -8.934095e-01 -1.278048e+04 -4.844919e-01 
4.882812e+02 0.000000e+00 2.500000e+04 3.596274e-02 0.000000e+00 2.777275e-01 -6.907461e+05 1.735169e+06 3.383246e+05 -1.255083e+03 -9.013093e-01 -1.570222e+04 -1.573289e-01 
5.859375e+02 0.000000e+00 2.500000e+04 4.287377e-02 0.000000e+00 2.757985e-01 -6.774517e+05 1.701715e+06 3.318131e+05 -1.172637e+03 -8.194995e-01 -1.845071e+04 -1.046683e-01 
6.835938e+02 0.000000e+00 2.500000e+04 4.963658e-02 0.000000e+00 2.735502e-01 -6.620898e+05 1.663059e+06 3.242889e+05 -1.078815e+03 -7.181891e-01 -2.100240e+04 -1.072441e-01 
7.812500e+02 0.000000e+00 2.500000e+04 5.623069e-02 0.000000e+00 2.709973e-01 -6.448209e+05 1.619609e+06 3.158306e+05 -9.771921e+02 -6.332403e-01 -2.333668e+04 -1.184877e-01 
8.789062e+02 0.000000e+00 2.500000e+04 6.263745e-02 0.000000e+00 2.681562e-01 -6.258200e+05 1.571807e+06 3.065241e+05 -8.710584e+02 -5.357509e-01 -2.543414e+04 -1.387087e-01 
9.765625e+02 0.000000e+00 2.500000e+04 6.884009e-02 0.000000e+00 2.650445e-01 -6.052737e+05 1.520122e+06 2.964606e+05 -7.609567e+02 -4.336483e-01 -2.728180e+04 -1.408581e-01 
1.074219e+03 0.000000e+00 2.500000e+04 7.482381e-02 0.000000e+00 2.616810e-01 -5.833776e+05 1.465044e+06 2.857360e+05 -6.470321e+02 -4.048790e-01 -2.887370e+04 -1.144053e-01 
1.171875e+03 0.000000e+00 2.500000e+04 8.057593e-02 0.000000e+00 2.580855e-01 -5.603301e+05 1.407076e+06 2.744474e+05 -5.326454e+02 -4.489480e-01 -3.020762e+04 -1.871107e-03 
1.269531e+03 0.000000e+00 2.500000e+04 8.608585e-02 0.000000e+00 2.542782e-01 -5.363304e+05 1.346719e+06 2.626924e+05 -4.201893e+02 -3.702407e-01 -3.128424e+04 2.484182e-01 
1.367188e+03 0.000000e+00 2.500000e+04 9.134504e-02 0.000000e+00 2.502795e-01 -5.115756e+05 1.284469e+06 2.505676e+05 -3.104271e+02 -1.490013e-01 -3.210914e+04 5.535678e-01 
1.464844e+03 0.000000e+00 2.500000e+04 9.634701e-02 0.000000e+00 2.461102e-01 -4.862573e+05 1.220810e+06 2.381668e+05 -2.051783e+02 5.913977e-02 -3.269207e+04 7.694706e-01 
1.562500e+03 0.000000e+00 2.500000e+04 1.010872e-01 0.000000e+00 2.417907e-01 -4.605605e+05 1.156206e+06 2.255807e+05 -1.051435e+02 2.383184e-01 -3.304363e+04 9.001700e-01 
1.660156e+03 0.000000e+00 2.500000e+04 1.055629e-01 0.000000e+00 2.373414e-01 -4.346591e+05 1.091095e+06 2.128943e+05 -1.169066e+01 3.293756e-01 -3.317677e+04 9.418980e-01 
1.757812e+03 0.000000e+00 2.500000e+04 1.097733e-01 0.000000e+00 2.327818e-01 -4.087166e+05 1.025888e+06 2.001877e+05 7.441212e+01 3.460773e-01 -3.310818e+04 8.656718e-01 
1.855469e+03 0.000000e+00 2.500000e+04 1.137190e-01 0.000000e+00 2.281312e-01 -3.828841e+05 9.609646e+05 1.875351e+05 1.526345e+02 3.851916e-01 -3.285562e+04 7.253018e-01 
1.953125e+03 0.000000e+00 2.500000e+04 1.174022e-01 0.000000e+00 2.234076e-01 -3.572977e+05 8.966682e+05 1.750030e+05 2.220261e+02 4.341596e-01 -3.243654e+04 5.141246e-01 
2.050781e+03 0.000000e+00 2.500000e+04 1.208264e-01 0.000000e+00 2.186286e-01 -3.320800e+05 8.333056e+05 1.626515e+05 2.830502e+02 4.624361e-01 -3.186997e+04 2.425512e-01 
2.148438e+03 0.000000e+00 2.500000e+04 1.239962e-01 0.000000e+00 2.138105e-01 -3.073401e+05 7.711514e+05 1.505339e+05 3.350927e+02 3.969791e-01 -3.117450e+04 1.051038e-01 
2.246094e+03 0.000000e+00 2.500000e+04 1.269174e-01 0.000000e+00 2.089687e-01 -2.831733e+05 7.104446e+05 1.386971e+05 3.781608e+02 2.713261e-01 -3.036730e+04 2.230419e-01 
2.343750e+03 0.000000e+00 2.500000e+04 1.295966e-01 0.000000e+00 2.041177e-01 -2.596614e+05 6.513886e+05 1.271811e+05 4.145938e+02 2.191327e-01 -2.946685e+04 4.390252e-01 
2.441406e+03 0.000000e+00 2.500000e+04 1.320410e-01 0.000000e+00 1.992705e-01 -2.368712e+05 5.941499e+05 1.160186e+05 4.452331e+02 1.814455e-01 -2.849041e+04 5.080627e-01 
2.539062e+03 0.000000e+00 2.500000e+04 1.342587e-01 0.000000e+00 1.944395e-01 -2.148572e+05 5.388653e+05 1.052362e+05 4.702141e+02 -4.971614e-03 -2.745312e+04 5.185284e-01 
2.636719e+03 0.000000e+00 2.500000e+04 1.362579e-01 0.000000e+00 1.896357e-01 -1.936622e+05 4.856431e+05 9.485494e+04 4.884134e+02 -3.463250e-01 -2.636984e+04 6.237273e-01 
2.734375e+03 0.000000e+00 2.500000e+04 1.380476e-01 0.000000e+00 1.848690e-01 -1.733189e+05 4.345656e+05 8.489090e+04 5.002316e+02 -6.982436e-01 -2.525328e+04 6.877470e-01 
2.832031e+03 0.000000e+00 2.500000e+04 1.396366e-01 0.000000e+00 1.801484e-01 -1.538507e+05 3.856886e+05 7.535543e+04 5.080182e+02 -1.011121e+00 -2.411509e+04 5.602821e-01 
2.929688e+03 0.000000e+00 2.500000e+04 1.410342e-01 0.000000e+00 1.754820e-01 -1.352692e+05 3.390429e+05 6.625431e+04 5.104032e+02 -1.366610e+00 -2.296723e+04 9.942220e-02 
3.027344e+03 0.000000e+00 2.500000e+04 1.422495e-01 0.000000e+00 1.708768e-01 -1.175788e+05 2.946405e+05 5.758961e+04 5.062819e+02 -1.740830e+00 -2.181854e+04 -5.442877e-01 
3.125000e+03 0.000000e+00 2.500000e+04 1.432919e-01 0.000000e+00 1.663389e-01 -1.007797e+05 2.524793e+05 4.936151e+04 4.984007e+02 -1.988133e+00 -2.067696e+04 -9.292294e-01 
3.222656e+03 0.000000e+00 2.500000e+04 1.441705e-01 0.000000e+00 1.618736e-01 -8.486485e+04 2.125395e+05 4.156646e+04 4.885680e+02 -1.975795e+00 -1.955236e+04 -1.040586e+00 
3.320312e+03 0.000000e+00 2.500000e+04 1.448943e-01 0.000000e+00 1.574855e-01 -6.981950e+04 1.747839e+05 3.419731e+04 4.773120e+02 -1.796155e+00 -1.844890e+04 -9.475383e-01 
3.417969e+03 0.000000e+00 2.500000e+04 1.454721e-01 0.000000e+00 1.531784e-01 -5.562730e+04 1.391692e+05 2.724602e+04 4.666327e+02 -1.685896e+00 -1.737004e+04 -3.523234e-01 
3.515625e+03 0.000000e+00 2.500000e+04 1.459126e-01 0.000000e+00 1.489553e-01 -4.226677e+04 1.056431e+05 2.070209e+04 4.550965e+02 -1.718935e+00 -1.632260e+04 4.856685e-01 
3.613281e+03 0.000000e+00 2.500000e+04 1.462241e-01 0.000000e+00 1.448188e-01 -2.971339e+04 7.414655e+04 1.455350e+04 4.401307e+02 -1.866718e+00 -1.530910e+04 1.023293e+00 
3.710938e+03 0.000000e+00 2.500000e+04 1.464148e-01 0.000000e+00 1.407708e-01 -1.794115e+04 4.461219e+04 8.787502e+03 4.237626e+02 -2.178627e+00 -1.433070e+04 1.248681e+00 
3.808594e+03 0.000000e+00 2.500000e+04 1.464925e-01 0.000000e+00 1.368127e-01 -6.923174e+03 1.697045e+04 3.390943e+03 4.081272e+02 -2.550737e+00 -1.339014e+04 1.277528e+00 
3.906250e+03 0.000000e+00 2.500000e+04 1.464647e-01 0.000000e+00 1.329456e-01 3.371348e+03 -8.853681e+03 -1.651273e+03 3.909092e+02 -2.665780e+00 -1.248943e+04 1.081703e+00 
4.003906e+03 0.000000e+00 2.500000e+04 1.463385e-01 0.000000e+00 1.291699e-01 1.297323e+04 -3.293732e+04 -6.354233e+03 3.718705e+02 -2.410669e+00 -1.162886e+04 6.851358e-01 
4.101562e+03 0.000000e+00 2.500000e+04 1.461208e-01 0.000000e+00 1.254859e-01 2.191321e+04 -5.535912e+04 -1.073300e+04 3.524882e+02 -1.888615e+00 -1.080814e+04 2.051086e-01 
4.199219e+03 0.000000e+00 2.500000e+04 1.458182e-01 0.000000e+00 1.218934e-01 3.022249e+04 -7.619896e+04 -1.480285e+04 3.343441e+02 -1.231742e+00 -1.002676e+04 -1.587535e-01 
4.296875e+03 0.000000e+00 2.500000e+04 1.454368e-01 0.000000e+00 1.183920e-01 3.793118e+04 -9.553303e+04 -1.857854e+04 3.180196e+02 -5.669859e-01 -9.285154e+03 -3.514581e-01 
4.394531e+03 0.000000e+00 2.500000e+04 1.449826e-01 0.000000e+00 1.149809e-01 4.507211e+04 -1.134407e+05 -2.207613e+04 3.005170e+02 -7.183033e-03 -8.583233e+03 -6.489397e-01 
4.492188e+03 0.000000e+00 2.500000e+04 1.444611e-01 0.000000e+00 1.116594e-01 5.167448e+04 -1.299960e+05 -2.530995e+04 2.825233e+02 4.679858e-01 -7.919299e+03 -9.247587e-01 
4.589844e+03 0.000000e+00 2.500000e+04 1.438776e-01 0.000000e+00 1.084262e-01 5.776512e+04 -1.452692e+05 -2.829312e+04 2.669578e+02 9.265806e-01 -7.292585e+03 -8.012893e-01 
4.687500e+03 0.000000e+00 2.500000e+04 1.432370e-01 0.000000e+00 1.052801e-01 6.337286e+04 -1.593318e+05 -3.103977e+04 2.529801e+02 1.355366e+00 -6.703663e+03 -4.274317e-01 
4.785156e+03 0.000000e+00 2.500000e+04 1.425441e-01 0.000000e+00 1.022197e-01 6.852714e+04 -1.722558e+05 -3.356431e+04 2.387060e+02 1.884986e+00 -6.149466e+03 -2.054038e-01 
4.882812e+03 0.000000e+00 2.500000e+04 1.418031e-01 0.000000e+00 9.924347e-02 7.325504e+04 -1.841103e+05 -3.588002e+04 2.252292e+02 2.549299e+00 -5.627454e+03 -2.725449e-01 
4.980469e+03 0.000000e+00 2.500000e+04 1.410184e-01 0.000000e+00 9.634981e-02 7.758187e+04 -1.949589e+05 -3.799928e+04 2.125228e+02 3.020580e+00 -5.137917e+03 -7.305072e-01 
5.078125e+03 0.000000e+00 2.500000e+04 1.401937e-01 0.000000e+00 9.353699e-02 8.153260e+04 -2.048626e+05 -3.993434e+04 1.991793e+02 3.064178e+00 -4.678358e+03 -1.600703e+00 
5.175781e+03 0.000000e+00 2.500000e+04 1.393326e-01 0.000000e+00 9.080326e-02 8.513169e+04 -2.138837e+05 -4.169716e+04 1.857442e+02 2.759427e+00 -4.247592e+03 -2.413094e+00 
5.273438e+03 0.000000e+00 2.500000e+04 1.384386e-01 0.000000e+00 8.814680e-02 8.840045e+04 -2.220763e+05 -4.329818e+04 1.731693e+02 2.266937e+00 -3.845156e+03 -2.799813e+00 
5.371094e+03 0.000000e+00 2.500000e+04 1.375147e-01 0.000000e+00 8.556579e-02 9.136028e+04 -2.294932e+05 -4.474789e+04 1.602132e+02 1.675759e+00 -3.469975e+03 -2.813422e+00 
5.468750e+03 0.000000e+00 2.500000e+04 1.365641e-01 0.000000e+00 8.305837e-02 9.403005e+04 -2.361826e+05 -4.605553e+04 1.480157e+02 1.029423e+00 -3.119739e+03 -2.543746e+00 
5.566406e+03 0.000000e+00 2.500000e+04 1.355893e-01 0.000000e+00 8.062265e-02 9.642796e+04 -2.421927e+05 -4.723002e+04 1.388800e+02 4.376956e-01 -2.792891e+03 -2.006077e+00 
5.664062e+03 0.000000e+00 2.500000e+04 1.345931e-01 0.000000e+00 7.825677e-02 9.857424e+04 -2.475726e+05 -4.828126e+04 1.311388e+02 4.575368e-02 -2.488444e+03 -1.470087e+00 
5.761719e+03 0.000000e+00 2.500000e+04 1.335778e-01 0.000000e+00 7.595885e-02 1.004865e+05 -2.523645e+05 -4.921789e+04 1.228243e+02 -7.594093e-02 -2.204141e+03 -1.094803e+00 
5.859375e+03 0.000000e+00 2.500000e+04 1.325456e-01 0.000000e+00 7.372703e-02 1.021814e+05 -2.566100e+05 -5.004802e+04 1.138955e+02 -2.002986e-02 -1.939079e+03 -6.875195e-01 
5.957031e+03 0.000000e+00 2.500000e+04 1.314985e-01 0.000000e+00 7.155949e-02 1.036723e+05 -2.603445e+05 -5.077828e+04 1.058757e+02 7.482339e-02 -1.693152e+03 -2.127764e-01 
6.054688e+03 0.000000e+00 2.500000e+04 1.304387e-01 0.000000e+00 6.945438e-02 1.049744e+05 -2.636061e+05 -5.141602e+04 9.897016e+01 1.819449e-01 -1.465452e+03 2.348463e-01 
6.152344e+03 0.000000e+00 2.500000e+04 1.293677e-01 0.000000e+00 6.740991e-02 1.061018e+05 -2.664301e+05 -5.196824e+04 9.283189e+01 1.977277e-01 -1.254027e+03 2.298421e-01 
6.250000e+03 0.000000e+00 2.500000e+04 1.282872e-01 0.000000e+00 6.542432e-02 1.070671e+05 -2.688463e+05 -5.244105e+04 8.598205e+01 -1.500919e-01 -1.058021e+03 -3.693587e-01 
6.347656e+03 0.000000e+00 2.500000e+04 1.271989e-01 0.000000e+00 6.349582e-02 1.078824e+05 -2.708843e+05 -5.284035e+04 7.752943e+01 -1.004558e+00 -8.769399e+02 -1.139868e+00 
6.445312e+03 0.000000e+00 2.500000e+04 1.261041e-01 0.000000e+00 6.162273e-02 1.085561e+05 -2.725677e+05 -5.317031e+04 6.987908e+01 -2.083778e+00 -7.093933e+02 -1.767531e+00 
6.542969e+03 0.000000e+00 2.500000e+04 1.250041e-01 0.000000e+00 5.980338e-02 1.090976e+05 -2.739227e+05 -5.343556e+04 6.544646e+01 -2.837838e+00 -5.537384e+02 -1.949345e+00 
6.640625e+03 0.000000e+00 2.500000e+04 1.239001e-01 0.000000e+00 5.803615e-02 1.095187e+05 -2.749776e+05 -5.364181e+04 6.334962e+01 -3.010806e+00 -4.108987e+02 -1.987387e+00 
6.738281e+03 0.000000e+00 2.500000e+04 1.227933e-01 0.000000e+00 5.631943e-02 1.098304e+05 -2.757571e+05 -5.379446e+04 6.050032e+01 -2.839527e+00 -2.792060e+02 -2.272905e+00 
6.835938e+03 0.000000e+00 2.500000e+04 1.216847e-01 0.000000e+00 5.465165e-02 1.100432e+05 -2.762865e+05 -5.389870e+04 5.563440e+01 -2.748296e+00 -1.563844e+02 -2.432027e+00 
6.933594e+03 0.000000e+00 2.500000e+04 1.205751e-01 0.000000e+00 5.303132e-02 1.101621e+05 -2.765799e+05 -5.395696e+04 5.047738e+01 -2.850989e+00 -4.336768e+01 -2.185016e+00 
7.031250e+03 0.000000e+00 2.500000e+04 1.194656e-01 0.000000e+00 5.145699e-02 1.101930e+05 -2.766529e+05 -5.397206e+04 4.605352e+01 -2.877009e+00 6.055038e+01 -1.623507e+00 
7.128906e+03 0.000000e+00 2.500000e+04 1.183568e-01 0.000000e+00 4.992721e-02 1.101445e+05 -2.765264e+05 -5.394833e+04 4.117149e+01 -2.792067e+00 1.546496e+02 -1.272896e+00 
7.226562e+03 0.000000e+00 2.500000e+04 1.172496e-01 0.000000e+00 4.844060e-02 1.100222e+05 -2.762144e+05 -5.388844e+04 3.614688e+01 -2.762843e+00 2.407624e+02 -1.517877e+00 
7.324219e+03 0.000000e+00 2.500000e+04 1.161446e-01 0.000000e+00 4.699581e-02 1.098327e+05 -2.757344e+05 -5.379560e+04 3.200258e+01 -2.788976e+00 3.198117e+02 -1.999615e+00 
7.421875e+03 0.000000e+00 2.500000e+04 1.150424e-01 0.000000e+00 4.559152e-02 1.095808e+05 -2.750988e+05 -5.367224e+04 2.857939e+01 -2.767277e+00 3.918549e+02 -2.340926e+00 
7.519531e+03 0.000000e+00 2.500000e+04 1.139436e-01 0.000000e+00 4.422649e-02 1.092709e+05 -2.743188e+05 -5.352043e+04 2.662165e+01 -2.587084e+00 4.589308e+02 -2.436396e+00 
7.617188e+03 0.000000e+00 2.500000e+04 1.128487e-01 0.000000e+00 4.289945e-02 1.089092e+05 -2.734107e+05 -5.334328e+04 2.643612e+01 -2.360794e+00 5.202006e+02 -2.324132e+00 
7.714844e+03 0.000000e+00 2.500000e+04 1.117582e-01 0.000000e+00 4.160922e-02 1.085014e+05 -2.723868e+05 -5.314353e+04 2.621155e+01 -2.236377e+00 5.760871e+02 -2.209039e+00 
7.812500e+03 0.000000e+00 2.500000e+04 1.106725e-01 0.000000e+00 4.035465e-02 1.080522e+05 -2.712576e+05 -5.292351e+04 2.457580e+01 -2.170077e+00 6.270860e+02 -2.184102e+00 
7.910156e+03 0.000000e+00 2.500000e+04 1.095919e-01 0.000000e+00 3.913459e-02 1.075645e+05 -2.700304e+05 -5.268463e+04 2.169834e+01 -2.137145e+00 6.731635e+02 -2.071328e+00 
8.007812e+03 0.000000e+00 2.500000e+04 1.085169e-01 0.000000e+00 3.794800e-02 1.070409e+05 -2.687126e+05 -5.242819e+04 1.815529e+01 -2.137937e+00 7.138655e+02 -2.003872e+00 
8.105469e+03 0.000000e+00 2.500000e+04 1.074477e-01 0.000000e+00 3.679382e-02 1.064860e+05 -2.673164e+05 -5.215639e+04 1.485595e+01 -2.121391e+00 7.496253e+02 -2.089969e+00 
8.203125e+03 0.000000e+00 2.500000e+04 1.063846e-01 0.000000e+00 3.567102e-02 1.059010e+05 -2.658466e+05 -5.186990e+04 1.340037e+01 -1.912913e+00 7.819715e+02 -1.976488e+00 
8.300781e+03 0.000000e+00 2.500000e+04 1.053279e-01 0.000000e+00 3.457866e-02 1.052881e+05 -2.643084e+05 -5.156969e+04 1.375759e+01 -1.427912e+00 8.115017e+02 -1.779012e+00 
8.398438e+03 0.000000e+00 2.500000e+04 1.042778e-01 0.000000e+00 3.351579e-02 1.046524e+05 -2.627134e+05 -5.125834e+04 1.445731e+01 -9.230685e-01 8.384178e+02 -1.731618e+00 
8.496094e+03 0.000000e+00 2.500000e+04 1.032345e-01 0.000000e+00 3.248149e-02 1.039980e+05 -2.610692e+05 -5.093779e+04 1.304454e+01 -5.701512e-01 8.620479e+02 -1.842646e+00 
8.593750e+03 0.000000e+00 2.500000e+04 1.021982e-01 0.000000e+00 3.147485e-02 1.033263e+05 -2.593802e+05 -5.060880e+04 1.008853e+01 -3.172394e-01 8.825607e+02 -2.218088e+00 
8.691406e+03 0.000000e+00 2.500000e+04 1.011691e-01 0.000000e+00 3.049503e-02 1.026379e+05 -2.576506e+05 -5.027161e+04 8.568062e+00 -2.325885e-01 9.001050e+02 -2.655140e+00 
8.789062e+03 0.000000e+00 2.500000e+04 1.001472e-01 0.000000e+00 2.954118e-02 1.019345e+05 -2.558842e+05 -4.992711e+04 7.713000e+00 -4.078729e-01 9.153709e+02 -3.053222e+00 
8.886719e+03 0.000000e+00 2.500000e+04 9.913274e-02 0.000000e+00 2.861254e-02 1.012191e+05 -2.540863e+05 -4.957669e+04 5.806935e+00 -7.600003e-01 9.283017e+02 -3.466468e+00 
8.984375e+03 0.000000e+00 2.500000e+04 9.812576e-02 0.000000e+00 2.770830e-02 1.004933e+05 -2.522619e+05 -4.922122e+04 3.135699e+00 -1.069868e+00 9.388334e+02 -3.584393e+00 
9.082031e+03 0.000000e+00 2.500000e+04 9.712636e-02 0.000000e+00 2.682770e-02 9.975827e+04 -2.504155e+05 -4.886119e+04 1.836775e+00 -1.198846e+00 9.485346e+02 -3.285818e+00 
9.179688e+03 0.000000e+00 2.500000e+04 9.613460e-02 0.000000e+00 2.597009e-02 9.901554e+04 -2.485516e+05 -4.849741e+04 2.440114e+00 -1.223798e+00 9.567427e+02 -2.866671e+00 
9.277344e+03 0.000000e+00 2.500000e+04 9.515052e-02 0.000000e+00 2.513472e-02 9.826693e+04 -2.466732e+05 -4.813074e+04 3.142273e+00 -1.132240e+00 9.629554e+02 -2.397900e+00 
9.375000e+03 0.000000e+00 2.500000e+04 9.417416e-02 0.000000e+00 2.432092e-02 9.751420e+04 -2.447842e+05 -4.776206e+04 3.603410e+00 -8.442359e-01 9.684515e+02 -1.769497e+00 
9.472656e+03 0.000000e+00 2.500000e+04 9.320555e-02 0.000000e+00 2.352808e-02 9.675798e+04 -2.428864e+05 -4.739166e+04 4.133861e+00 -5.236147e-01 9.734585e+02 -1.049825e+00 
9.570312e+03 0.000000e+00 2.500000e+04 9.224473e-02 0.000000e+00 2.275557e-02 9.599951e+04 -2.409820e+05 -4.702017e+04 3.644394e+00 -3.389859e-01 9.755834e+02 -3.084845e-01 
9.667969e+03 0.000000e+00 2.500000e+04 9.129169e-02 0.000000e+00 2.200275e-02 9.523908e+04 -2.390723e+05 -4.664771e+04 2.721427e+00 -2.167990e-01 9.755004e+02 2.409032e-01 
9.765625e+03 0.000000e+00 2.500000e+04 9.034644e-02 0.000000e+00 2.126907e-02 9.447682e+04 -2.371585e+05 -4.627436e+04 2.370847e+00 -8.397711e-02 9.754526e+02 2.952130e-01 
9.863281e+03 0.000000e+00 2.500000e+04 8.940900e-02 0.000000e+00 2.055396e-02 9.371554e+04 -2.352459e+05 -4.590149e+04 8.141826e-01 -3.110919e-02 9.728619e+02 -2.315414e-03 
9.960938e+03 0.000000e+00 2.500000e+04 8.847933e-02 0.000000e+00 1.985683e-02 9.295557e+04 -2.333354e+05 -4.552926e+04 -2.007107e+00 -8.718416e-02 9.687646e+02 -3.916268e-01 
1.005859e+04 0.000000e+00 2.500000e+04 8.755744e-02 0.000000e+00 1.917722e-02 9.219589e+04 -2.314266e+05 -4.515717e+04 -3.892800e+00 -1.440441e-01 9.660312e+02 -9.246643e-01 
1.015625e+04 0.000000e+00 2.500000e+04 8.664330e-02 0.000000e+00 1.851459e-02 9.143733e+04 -2.295229e+05 -4.478563e+04 -3.488290e+00 -1.072234e-01 9.634029e+02 -1.465208e+00 
1.025391e+04 0.000000e+00 2.500000e+04 8.573685e-02 0.000000e+00 1.786843e-02 9.068179e+04 -2.276278e+05 -4.441557e+04 -2.026145e+00 2.213097e-02 9.593147e+02 -1.833450e+00 
1.035156e+04 0.000000e+00 2.500000e+04 8.483806e-02 0.000000e+00 1.723827e-02 8.993047e+04 -2.257419e+05 -4.404758e+04 -1.948416e+00 1.858019e-01 9.541128e+02 -2.154945e+00 
1.044922e+04 0.000000e+00 2.500000e+04 8.394690e-02 0.000000e+00 1.662366e-02 8.918337e+04 -2.238661e+05 -4.368165e+04 -2.402430e+00 3.524271e-01 9.492090e+02 -2.282627e+00 
1.054688e+04 0.000000e+00 2.500000e+04 8.306330e-02 0.000000e+00 1.602414e-02 8.844068e+04 -2.220016e+05 -4.331788e+04 -2.597882e+00 5.458763e-01 9.434219e+02 -2.112733e+00 
1.064453e+04 0.000000e+00 2.500000e+04 8.218721e-02 0.000000e+00 1.543926e-02 8.770241e+04 -2.201479e+05 -4.295628e+04 -3.006717e+00 7.829171e-01 9.358993e+02 -1.940594e+00 
1.074219e+04 0.000000e+00 2.500000e+04 8.131859e-02 0.000000e+00 1.486863e-02 8.696906e+04 -2.183073e+05 -4.259709e+04 -2.834760e+00 9.553970e-01 9.279893e+02 -1.882281e+00 
1.083984e+04 0.000000e+00 2.500000e+04 8.045738e-02 0.000000e+00 1.431184e-02 8.624097e+04 -2.164799e+05 -4.224048e+04 -2.509323e+00 1.027506e+00 9.200221e+02 -1.786223e+00 
1.093750e+04 0.000000e+00 2.500000e+04 7.960351e-02 0.000000e+00 1.376850e-02 8.551850e+04 -2.146669e+05 -4.188661e+04 -1.986624e+00 1.109053e+00 9.118025e+02 -1.402708e+00 
1.103516e+04 0.000000e+00 2.500000e+04 7.875692e-02 0.000000e+00 1.323823e-02 8.480266e+04 -2.128706e+05 -4.153600e+04 -1.375023e+00 1.209151e+00 9.035760e+02 -7.275871e-01 
1.113281e+04 0.000000e+00 2.500000e+04 7.791753e-02 0.000000e+00 1.272067e-02 8.409324e+04 -2.110894e+05 -4.118852e+04 -1.829675e+00 1.326209e+00 8.954857e+02 -4.117087e-02 
1.123047e+04 0.000000e+00 2.500000e+04 7.708529e-02 0.000000e+00 1.221548e-02 8.339028e+04 -2.093242e+05 -4.084422e+04 -2.371696e+00 1.448022e+00 8.873636e+02 5.780597e-01 
1.132812e+04 0.000000e+00 2.500000e+04 7.626011e-02 0.000000e+00 1.172232e-02 8.269429e+04 -2.075765e+05 -4.050333e+04 -3.054254e+00 1.514478e+00 8.789911e+02 1.165488e+00 
1.142578e+04 0.000000e+00 2.500000e+04 7.544192e-02 0.000000e+00 1.124086e-02 8.200545e+04 -2.058452e+05 -4.016593e+04 -5.235268e+00 1.590494e+00 8.698165e+02 1.468158e+00 
1.152344e+04 0.000000e+00 2.500000e+04 7.463066e-02 0.000000e+00 1.077082e-02 8.132320e+04 -2.041307e+05 -3.983177e+04 -7.131650e+00 1.725694e+00 8.607570e+02 1.249926e+00 
1.162109e+04 0.000000e+00 2.500000e+04 7.382627e-02 0.000000e+00 1.031187e-02 8.064688e+04 -2.024336e+05 -3.950051e+04 -6.570397e+00 1.859418e+00 8.524895e+02 8.907512e-01 
1.171875e+04 0.000000e+00 2.500000e+04 7.302865e-02 0.000000e+00 9.863681e-03 7.997669e+04 -2.007534e+05 -3.917226e+04 -4.413856e+00 1.928003e+00 8.431008e+02 6.779693e-01 
1.181641e+04 0.000000e+00 2.500000e+04 7.223775e-02 0.000000e+00 9.425989e-03 7.931324e+04 -1.990899e+05 -3.884730e+04 -2.494606e+00 1.896741e+00 8.329522e+02 2.401908e-01 
1.191406e+04 0.000000e+00 2.500000e+04 7.145350e-02 0.000000e+00 8.998498e-03 7.865938e+04 -1.974489e+05 -3.852704e+04 -2.240301e+00 1.685518e+00 8.228791e+02 -3.360567e-01 
1.201172e+04 0.000000e+00 2.500000e+04 7.067580e-02 0.000000e+00 8.580897e-03 7.801399e+04 -1.958286e+05 -3.821093e+04 -2.447880e+00 1.231836e+00 8.129511e+02 -4.861333e-01 
1.210938e+04 0.000000e+00 2.500000e+04 6.990456e-02 0.000000e+00 8.172947e-03 7.737418e+04 -1.942233e+05 -3.789756e+04 -1.646901e+00 7.072251e-01 8.041055e+02 -2.991516e-01 
1.220703e+04 0.000000e+00 2.500000e+04 6.913972e-02 0.000000e+00 7.774429e-03 7.674275e+04 -1.926385e+05 -3.758829e+04 -1.432220e+00 2.723121e-01 7.947104e+02 -1.962114e-01 
1.230469e+04 0.000000e+00 2.500000e+04 6.838118e-02 0.000000e+00 7.385060e-03 7.612034e+04 -1.910747e+05 -3.728343e+04 -2.856910e+00 -4.448507e-02 7.847524e+02 -7.996796e-02 
1.240234e+04 0.000000e+00 2.500000e+04 6.762886e-02 0.000000e+00 7.004593e-03 7.550544e+04 -1.895290e+05 -3.698225e+04 -5.055131e+00 -1.903351e-01 7.757386e+02 3.066632e-01 
1.250000e+04 0.000000e+00 2.500000e+04 6.688268e-02 0.000000e+00 6.632844e-03 7.489707e+04 -1.880019e+05 -3.668428e+04 -5.016733e+00 -1.611654e-01 7.667391e+02 6.848307e-01 
1.259766e+04 0.000000e+00 2.500000e+04 6.614257e-02 0.000000e+00 6.269597e-03 7.429587e+04 -1.864943e+05 -3.638982e+04 -3.463642e+00 2.075605e-02 7.565502e+02 5.474789e-01 
1.269531e+04 0.000000e+00 2.500000e+04 6.540846e-02 0.000000e+00 5.914592e-03 7.370415e+04 -1.850076e+05 -3.609999e+04 -4.892838e+00 2.449254e-01 7.455244e+02 -1.442854e-01 
1.279297e+04 0.000000e+00 2.500000e+04 6.468025e-02 0.000000e+00 5.567622e-03 7.312025e+04 -1.835400e+05 -3.581400e+04 -6.713539e+00 3.676316e-01 7.357969e+02 -9.548274e-01 
1.289062e+04 0.000000e+00 2.500000e+04 6.395788e-02 0.000000e+00 5.228521e-03 7.254224e+04 -1.820906e+05 -3.553089e+04 -5.262140e+00 3.941992e-01 7.262212e+02 -1.535925e+00 
1.298828e+04 0.000000e+00 2.500000e+04 6.324127e-02 0.000000e+00 4.897064e-03 7.197067e+04 -1.806580e+05 -3.525094e+04 -3.094170e+00 3.965977e-01 7.149063e+02 -1.803021e+00 
1.308594e+04 0.000000e+00 2.500000e+04 6.253036e-02 0.000000e+00 4.573021e-03 7.140783e+04 -1.792453e+05 -3.497526e+04 -2.904830e+00 3.756944e-01 7.047267e+02 -1.584524e+00 
1.318359e+04 0.000000e+00 2.500000e+04 6.182505e-02 0.000000e+00 4.256223e-03 7.085394e+04 -1.778539e+05 -3.470397e+04 -3.971963e+00 3.204107e-01 6.964156e+02 -9.146119e-01 
1.328125e+04 0.000000e+00 2.500000e+04 6.112525e-02 0.000000e+00 3.946533e-03 7.030637e+04 -1.764793e+05 -3.443578e+04 -4.065462e+00 3.208308e-01 6.878384e+02 -3.912360e-01 
1.337891e+04 0.000000e+00 2.500000e+04 6.043090e-02 0.000000e+00 3.643774e-03 6.976617e+04 -1.751237e+05 -3.417119e+04 -3.653342e+00 3.690926e-01 6.785459e+02 -3.608693e-01 
1.347656e+04 0.000000e+00 2.500000e+04 5.974194e-02 0.000000e+00 3.347732e-03 6.923456e+04 -1.737888e+05 -3.391081e+04 -4.097962e+00 3.303108e-01 6.690201e+02 -4.725247e-01 
1.357422e+04 0.000000e+00 2.500000e+04 5.905825e-02 0.000000e+00 3.058262e-03 6.870972e+04 -1.724712e+05 -3.365374e+04 -4.193486e+00 2.319553e-01 6.603492e+02 -5.206842e-01 
1.367188e+04 0.000000e+00 2.500000e+04 5.837979e-02 0.000000e+00 2.775249e-03 6.819096e+04 -1.711699e+05 -3.339965e+04 -3.279360e+00 1.944430e-01 6.515612e+02 -8.224726e-01 
1.376953e+04 0.000000e+00 2.500000e+04 5.770649e-02 0.000000e+00 2.498506e-03 6.768049e+04 -1.698885e+05 -3.314963e+04 -3.340154e+00 1.329761e-01 6.417263e+02 -1.389261e+00 
1.386719e+04 0.000000e+00 2.500000e+04 5.703828e-02 0.000000e+00 2.227839e-03 6.717808e+04 -1.686261e+05 -3.290355e+04 -4.633267e+00 -2.694104e-02 6.323668e+02 -1.704430e+00 
1.396484e+04 0.000000e+00 2.500000e+04 5.637506e-02 0.000000e+00 1.963124e-03 6.668106e+04 -1.673792e+05 -3.266011e+04 -3.881384e+00 -6.672943e-02 6.234329e+02 -1.678787e+00 
1.406250e+04 0.000000e+00 2.500000e+04 5.571676e-02 0.000000e+00 1.704239e-03 6.619068e+04 -1.661512e+05 -3.241993e+04 -9.398203e-01 1.463925e-01 6.138434e+02 -1.588386e+00 
1.416016e+04 0.000000e+00 2.500000e+04 5.506332e-02 0.000000e+00 1.451011e-03 6.570945e+04 -1.649440e+05 -3.218422e+04 -9.552931e-02 4.454535e-01 6.040873e+02 -1.267318e+00 
1.425781e+04 0.000000e+00 2.500000e+04 5.441465e-02 0.000000e+00 1.203295e-03 6.523546e+04 -1.637529e+05 -3.195206e+04 -1.392710e+00 8.083947e-01 5.955059e+02 -6.409681e-01 
1.435547e+04 0.000000e+00 2.500000e+04 5.377068e-02 0.000000e+00 9.610112e-04 6.476693e+04 -1.625766e+05 -3.172258e+04 -1.567190e+00 1.460063e+00 5.873489e+02 -3.115193e-01 
1.445312e+04 0.000000e+00 2.500000e+04 5.313135e-02 0.000000e+00 7.240460e-04 6.430498e+04 -1.614177e+05 -3.149632e+04 -9.379214e-01 2.284491e+00 5.783169e+02 -6.486869e-01 
1.455078e+04 0.000000e+00 2.500000e+04 5.249661e-02 0.000000e+00 4.922449e-04 6.385029e+04 -1.602758e+05 -3.127361e+04 -1.496855e+00 2.817151e+00 5.689592e+02 -1.250964e+00 
1.464844e+04 0.000000e+00 2.500000e+04 5.186643e-02 0.000000e+00 2.654801e-04 6.340281e+04 -1.591506e+05 -3.105444e+04 -3.369393e+00 2.891230e+00 5.601659e+02 -1.893002e+00 
1.474609e+04 0.000000e+00 2.500000e+04 5.124069e-02 0.000000e+00 4.365546e-05 6.296172e+04 -1.580420e+05 -3.083839e+04 -4.781882e+00 2.728941e+00 5.524996e+02 -2.720042e+00 
1.484375e+04 0.000000e+00 2.500000e+04 5.061934e-02 0.000000e+00 -1.733522e-04 6.252590e+04 -1.569486e+05 -3.062493e+04 -4.157792e+00 2.458007e+00 5.450498e+02 -3.314136e+00 
1.494141e+04 0.000000e+00 2.500000e+04 5.000232e-02 0.000000e+00 -3.856941e-04 6.209614e+04 -1.558715e+05 -3.041444e+04 -2.480179e+00 1.953678e+00 5.366147e+02 -3.062704e+00 
1.503906e+04 0.000000e+00 2.500000e+04 4.938957e-02 0.000000e+00 -5.934733e-04 6.167472e+04 -1.548140e+05 -3.020802e+04 -2.152669e+00 1.244177e+00 5.279340e+02 -2.212047e+00 
1.513672e+04 0.000000e+00 2.500000e+04 4.878096e-02 0.000000e+00 -7.967544e-04 6.126038e+04 -1.537737e+05 -3.000508e+04 -2.391373e+00 6.793837e-01 5.203830e+02 -1.220230e+00 
1.523438e+04 0.000000e+00 2.500000e+04 4.817644e-02 0.000000e+00 -9.956353e-04 6.085093e+04 -1.527470e+05 -2.980454e+04 -1.256196e+00 5.031348e-01 5.137837e+02 1.207603e-01 
1.533203e+04 0.000000e+00 2.500000e+04 4.757598e-02 0.000000e+00 -1.190236e-03 6.044789e+04 -1.517363e+05 -2.960713e+04 -2.942167e-01 5.161308e-01 5.061223e+02 1.675012e+00 
1.542969e+04 0.000000e+00 2.500000e+04 4.697951e-02 0.000000e+00 -1.380629e-03 6.005205e+04 -1.507421e+05 -2.941325e+04 -7.820418e-01 5.576461e-01 4.973668e+02 2.463641e+00 
1.552734e+04 0.000000e+00 2.500000e+04 4.638693e-02 0.000000e+00 -1.566859e-03 5.966191e+04 -1.497620e+05 -2.922216e+04 -1.570978e+00 8.465829e-01 4.888640e+02 2.097549e+00 
1.562500e+04 0.000000e+00 2.500000e+04 4.579820e-02 0.000000e+00 -1.749044e-03 5.927793e+04 -1.487972e+05 -2.903409e+04 -2.538502e+00 1.267492e+00 4.795768e+02 1.209971e+00 
1.572266e+04 0.000000e+00 2.500000e+04 4.521333e-02 0.000000e+00 -1.927321e-03 5.890114e+04 -1.478497e+05 -2.884954e+04 -4.134803e+00 1.210174e+00 4.703712e+02 4.566453e-01 
1.582031e+04 0.000000e+00 2.500000e+04 4.463221e-02 0.000000e+00 -2.101756e-03 5.852914e+04 -1.469150e+05 -2.866734e+04 -5.074218e+00 6.463989e-01 4.632091e+02 9.718226e-02 
1.591797e+04 0.000000e+00 2.500000e+04 4.405478e-02 0.000000e+00 -2.272413e-03 5.816096e+04 -1.459912e+05 -2.848700e+04 -4.696547e+00 3.150338e-01 4.567583e+02 9.234034e-02 
1.601562e+04 0.000000e+00 2.500000e+04 4.348096e-02 0.000000e+00 -2.439397e-03 5.779912e+04 -1.450833e+05 -2.830977e+04 -4.343711e+00 3.960124e-01 4.493516e+02 3.275859e-01 
1.611328e+04 0.000000e+00 2.500000e+04 4.291073e-02 0.000000e+00 -2.602799e-03 5.744479e+04 -1.441933e+05 -2.813622e+04 -4.819203e+00 2.959594e-01 4.420140e+02 7.331012e-01 
1.621094e+04 0.000000e+00 2.500000e+04 4.234403e-02 0.000000e+00 -2.762667e-03 5.709573e+04 -1.433169e+05 -2.796526e+04 -5.003329e+00 -5.376286e-02 4.364835e+02 1.056500e+00 
1.630859e+04 0.000000e+00 2.500000e+04 4.178076e-02 0.000000e+00 -2.919056e-03 5.675056e+04 -1.424517e+05 -2.779619e+04 -3.773091e+00 -2.005276e-01 4.309910e+02 9.605214e-01 
1.640625e+04 0.000000e+00 2.500000e+04 4.122090e-02 0.000000e+00 -3.072056e-03 5.641178e+04 -1.416023e+05 -2.763026e+04 -2.759274e+00 -2.507849e-01 4.241548e+02 5.441877e-01 
1.650391e+04 0.000000e+00 2.500000e+04 4.066439e-02 0.000000e+00 -3.221752e-03 5.607952e+04 -1.407681e+05 -2.746752e+04 -2.974361e+00 -5.592263e-01 4.171736e+02 2.455314e-01 
1.660156e+04 0.000000e+00 2.500000e+04 4.011117e-02 0.000000e+00 -3.368199e-03 5.575228e+04 -1.399460e+05 -2.730724e+04 -3.628873e+00 -9.489859e-01 4.104230e+02 1.001385e-01 
1.669922e+04 0.000000e+00 2.500000e+04 3.956118e-02 0.000000e+00 -3.511453e-03 5.543013e+04 -1.391367e+05 -2.714945e+04 -4.270104e+00 -1.183093e+00 4.037398e+02 -2.582449e-01 
1.679688e+04 0.000000e+00 2.500000e+04 3.901438e-02 0.000000e+00 -3.651585e-03 5.511218e+04 -1.383395e+05 -2.699372e+04 -3.355534e+00 -1.338367e+00 3.967894e+02 -8.435963e-01 
1.689453e+04 0.000000e+00 2.500000e+04 3.847073e-02 0.000000e+00 -3.788693e-03 5.479976e+04 -1.375562e+05 -2.684070e+04 -2.361836e+00 -1.515441e+00 3.897402e+02 -1.100323e+00 
1.699219e+04 0.000000e+00 2.500000e+04 3.793017e-02 0.000000e+00 -3.922868e-03 5.449430e+04 -1.367887e+05 -2.669109e+04 -3.124102e+00 -1.737228e+00 3.824573e+02 -5.545847e-01 
1.708984e+04 0.000000e+00 2.500000e+04 3.739261e-02 0.000000e+00 -4.054146e-03 5.419448e+04 -1.360358e+05 -2.654423e+04 -3.419315e+00 -1.831437e+00 3.762701e+02 6.140039e-01 
1.718750e+04 0.000000e+00 2.500000e+04 3.685800e-02 0.000000e+00 -4.182549e-03 5.389876e+04 -1.352944e+05 -2.639939e+04 -2.465736e+00 -1.474134e+00 3.715769e+02 1.840014e+00 
1.728516e+04 0.000000e+00 2.500000e+04 3.632627e-02 0.000000e+00 -4.308118e-03 5.360696e+04 -1.345638e+05 -2.625647e+04 -5.560023e-01 -6.799839e-01 3.654431e+02 2.575876e+00 
1.738281e+04 0.000000e+00 2.500000e+04 3.579741e-02 0.000000e+00 -4.430909e-03 5.332075e+04 -1.338464e+05 -2.611628e+04 3.992129e-01 3.245151e-02 3.584366e+02 2.372616e+00 
1.748047e+04 0.000000e+00 2.500000e+04 3.527140e-02 0.000000e+00 -4.550958e-03 5.304085e+04 -1.331421e+05 -2.597919e+04 -1.246989e+00 2.387440e-01 3.522340e+02 1.173536e+00 
1.757812e+04 0.000000e+00 2.500000e+04 3.474818e-02 0.000000e+00 -4.668318e-03 5.276491e+04 -1.324482e+05 -2.584404e+04 -2.547471e+00 1.552202e-02 3.457621e+02 -3.457842e-01 
1.767578e+04 0.000000e+00 2.500000e+04 3.422772e-02 0.000000e+00 -4.783104e-03 5.249218e+04 -1.317635e+05 -2.571045e+04 -2.558422e+00 -3.608733e-01 3.381465e+02 -1.249205e+00 
1.777344e+04 0.000000e+00 2.500000e+04 3.370995e-02 0.000000e+00 -4.895400e-03 5.222505e+04 -1.310928e+05 -2.557962e+04 -2.724704e+00 -6.652353e-01 3.306592e+02 -1.213137e+00 
1.787109e+04 0.000000e+00 2.500000e+04 3.319480e-02 0.000000e+00 -5.005221e-03 5.196427e+04 -1.304371e+05 -2.545189e+04 -3.832825e+00 -7.249803e-01 3.245127e+02 -5.874608e-01 
1.796875e+04 0.000000e+00 2.500000e+04 3.268220e-02 0.000000e+00 -5.112595e-03 5.170875e+04 -1.297934e+05 -2.532673e+04 -6.116413e+00 -4.381692e-01 3.194495e+02 1.612885e-01 
1.806641e+04 0.000000e+00 2.500000e+04 3.217212e-02 0.000000e+00 -5.217549e-03 5.145633e+04 -1.291593e+05 -2.520310e+04 -6.556872e+00 2.186650e-01 3.153772e+02 7.605299e-01 
1.816406e+04 0.000000e+00 2.500000e+04 3.166453e-02 0.000000e+00 -5.320114e-03 5.120687e+04 -1.285354e+05 -2.508092e+04 -4.301291e+00 1.051089e+00 3.106070e+02 9.801043e-01 
1.826172e+04 0.000000e+00 2.500000e+04 3.115939e-02 0.000000e+00 -5.420343e-03 5.096281e+04 -1.279246e+05 -2.496138e+04 -2.498686e+00 1.620263e+00 3.047787e+02 6.667627e-01 
1.835938e+04 0.000000e+00 2.500000e+04 3.065668e-02 0.000000e+00 -5.518293e-03 5.072298e+04 -1.273239e+05 -2.484391e+04 -1.120201e+00 1.730951e+00 2.994562e+02 -3.038917e-03 
1.845703e+04 0.000000e+00 2.500000e+04 3.015634e-02 0.000000e+00 -5.614006e-03 5.048675e+04 -1.267325e+05 -2.472820e+04 4.530390e-01 1.596307e+00 2.939645e+02 -8.117203e-01 
1.855469e+04 0.000000e+00 2.500000e+04 2.965832e-02 0.000000e+00 -5.707532e-03 5.025590e+04 -1.261535e+05 -2.461513e+04 9.685977e-01 1.300240e+00 2.878866e+02 -1.629522e+00 
1.865234e+04 0.000000e+00 2.500000e+04 2.916259e-02 0.000000e+00 -5.798923e-03 5.003014e+04 -1.255865e+05 -2.450456e+04 6.707192e-01 7.458592e-01 2.823069e+02 -2.107990e+00 
1.875000e+04 0.000000e+00 2.500000e+04 2.866909e-02 0.000000e+00 -5.888227e-03 4.980855e+04 -1.250300e+05 -2.439603e+04 3.782682e-01 9.087364e-02 2.768517e+02 -2.041739e+00 
1.884766e+04 0.000000e+00 2.500000e+04 2.817777e-02 0.000000e+00 -5.975487e-03 4.959125e+04 -1.244838e+05 -2.428959e+04 -3.635782e-01 -3.372875e-01 2.714542e+02 -1.685064e+00 
1.894531e+04 0.000000e+00 2.500000e+04 2.768858e-02 0.000000e+00 -6.060728e-03 4.937996e+04 -1.239506e+05 -2.418611e+04 -3.223268e+00 -4.259092e-01 2.662577e+02 -1.263632e+00 
1.904297e+04 0.000000e+00 2.500000e+04 2.720145e-02 0.000000e+00 -6.143961e-03 4.917337e+04 -1.234289e+05 -2.408492e+04 -6.293686e+00 -2.877608e-01 2.598998e+02 -8.466691e-01 
1.914062e+04 0.000000e+00 2.500000e+04 2.671637e-02 0.000000e+00 -6.225206e-03 4.896844e+04 -1.229145e+05 -2.398454e+04 -6.303208e+00 -1.330103e-02 2.540317e+02 -4.810317e-01 
1.923828e+04 0.000000e+00 2.500000e+04 2.623332e-02 0.000000e+00 -6.304493e-03 4.876534e+04 -1.224075e+05 -2.388507e+04 -3.443664e+00 3.958771e-01 2.492966e+02 -2.632729e-01 
1.933594e+04 0.000000e+00 2.500000e+04 2.575226e-02 0.000000e+00 -6.381868e-03 4.856632e+04 -1.219112e+05 -2.378759e+04 -2.048423e-01 8.881519e-01 2.445611e+02 -4.397124e-01 
1.943359e+04 0.000000e+00 2.500000e+04 2.527315e-02 0.000000e+00 -6.457379e-03 4.837354e+04 -1.214277e+05 -2.369316e+04 2.648539e-01 1.267362e+00 2.398125e+02 -1.096835e+00 
1.953125e+04 0.000000e+00 2.500000e+04 2.479594e-02 0.000000e+00 -6.531059e-03 4.818568e+04 -1.209550e+05 -2.360115e+04 -8.443784e-01 1.325229e+00 2.342310e+02 -2.130342e+00 
1.962891e+04 0.000000e+00 2.500000e+04 2.432060e-02 0.000000e+00 -6.602950e-03 4.800179e+04 -1.204921e+05 -2.351108e+04 -2.244931e+00 9.892308e-01 2.295472e+02 -3.174379e+00 
1.972656e+04 0.000000e+00 2.500000e+04 2.384709e-02 0.000000e+00 -6.673076e-03 4.782152e+04 -1.200389e+05 -2.342278e+04 -2.890544e+00 3.183222e-01 2.258976e+02 -3.496561e+00 
1.982422e+04 0.000000e+00 2.500000e+04 2.337536e-02 0.000000e+00 -6.741454e-03 4.764316e+04 -1.195935e+05 -2.333542e+04 -5.910821e-01 -3.560238e-01 2.214404e+02 -2.812530e+00 
1.992188e+04 0.000000e+00 2.500000e+04 2.290536e-02 0.000000e+00 -6.808135e-03 4.746929e+04 -1.191585e+05 -2.325026e+04 8.921856e-01 -5.523951e-01 2.160838e+02 -1.638184e+00 
2.001953e+04 0.000000e+00 2.500000e+04 2.243703e-02 0.000000e+00 -6.873156e-03 4.730114e+04 -1.187353e+05 -2.316791e+04 -2.410202e-01 -2.314814e-01 2.103538e+02 -5.748512e-01 
2.011719e+04 0.000000e+00 2.500000e+04 2.197033e-02 0.000000e+00 -6.936507e-03 4.713633e+04 -1.183209e+05 -2.308718e+04 -9.250556e-01 2.602255e-01 2.054442e+02 1.849537e-01 
2.021484e+04 0.000000e+00 2.500000e+04 2.150527e-02 0.000000e+00 -6.998179e-03 4.697450e+04 -1.179152e+05 -2.300792e+04 -3.822130e-01 7.537865e-01 2.010137e+02 6.506743e-01 
2.031250e+04 0.000000e+00 2.500000e+04 2.104180e-02 0.000000e+00 -7.058217e-03 4.681559e+04 -1.175170e+05 -2.293009e+04 3.078115e-01 1.240461e+00 1.962951e+02 7.165692e-01 
2.041016e+04 0.000000e+00 2.500000e+04 2.057990e-02 0.000000e+00 -7.116661e-03 4.666035e+04 -1.171266e+05 -2.285405e+04 -4.441974e-01 1.613639e+00 1.915899e+02 2.786373e-01 
2.050781e+04 0.000000e+00 2.500000e+04 2.011953e-02 0.000000e+00 -7.173522e-03 4.650898e+04 -1.167450e+05 -2.277991e+04 -2.059289e+00 1.763468e+00 1.869908e+02 -5.271311e-01 
2.060547e+04 0.000000e+00 2.500000e+04 1.966068e-02 0.000000e+00 -7.228832e-03 4.636003e+04 -1.163712e+05 -2.270695e+04 -1.896617e+00 1.649383e+00 1.825124e+02 -1.362705e+00 
2.070312e+04 0.000000e+00 2.500000e+04 1.920330e-02 0.000000e+00 -7.282624e-03 4.621469e+04 -1.160078e+05 -2.263577e+04 -4.709864e-01 1.228602e+00 1.777478e+02 -1.907035e+00 
2.080078e+04 0.000000e+00 2.500000e+04 1.874736e-02 0.000000e+00 -7.334949e-03 4.607431e+04 -1.156554e+05 -2.256701e+04 -4.853318e-01 6.813043e-01 1.728548e+02 -1.962290e+00 
2.089844e+04 0.000000e+00 2.500000e+04 1.829278e-02 0.000000e+00 -7.385833e-03 4.593877e+04 -1.153138e+05 -2.250062e+04 -1.889527e+00 3.302929e-01 1.691070e+02 -1.417522e+00 
2.099609e+04 0.000000e+00 2.500000e+04 1.783951e-02 0.000000e+00 -7.435274e-03 4.580702e+04 -1.149823e+05 -2.243609e+04 -2.672666e+00 2.172058e-01 1.658163e+02 -2.882896e-01 
2.109375e+04 0.000000e+00 2.500000e+04 1.738753e-02 0.000000e+00 -7.483282e-03 4.567791e+04 -1.146584e+05 -2.237285e+04 -2.463437e+00 2.680772e-01 1.614184e+02 1.219375e+00 
2.119141e+04 0.000000e+00 2.500000e+04 1.693682e-02 0.000000e+00 -7.529873e-03 4.555225e+04 -1.143426e+05 -2.231130e+04 -2.844854e+00 4.750917e-01 1.560560e+02 2.739817e+00 
2.128906e+04 0.000000e+00 2.500000e+04 1.648733e-02 0.000000e+00 -7.575059e-03 4.543094e+04 -1.140362e+05 -2.225189e+04 -4.770224e+00 7.777989e-01 1.512926e+02 3.978272e+00 
2.138672e+04 0.000000e+00 2.500000e+04 1.603903e-02 0.000000e+00 -7.618834e-03 4.531284e+04 -1.137380e+05 -2.219405e+04 -6.484001e+00 1.155429e+00 1.474314e+02 4.740815e+00 
2.148438e+04 0.000000e+00 2.500000e+04 1.559188e-02 0.000000e+00 -7.661188e-03 4.519577e+04 -1.134451e+05 -2.213671e+04 -5.542187e+00 1.654510e+00 1.432341e+02 4.774914e+00 
2.158203e+04 0.000000e+00 2.500000e+04 1.514590e-02 0.000000e+00 -7.702158e-03 4.508142e+04 -1.131601e+05 -2.208069e+04 -3.490392e+00 2.142550e+00 1.377634e+02 4.025944e+00 
2.167969e+04 0.000000e+00 2.500000e+04 1.470103e-02 0.000000e+00 -7.741800e-03 4.497187e+04 -1.128857e+05 -2.202704e+04 -2.856207e+00 2.356774e+00 1.320991e+02 2.790437e+00 
2.177734e+04 0.000000e+00 2.500000e+04 1.425724e-02 0.000000e+00 -7.780118e-03 4.486582e+04 -1.126191e+05 -2.197509e+04 -3.274559e+00 2.247120e+00 1.281936e+02 1.641762e+00 
2.187500e+04 0.000000e+00 2.500000e+04 1.381451e-02 0.000000e+00 -7.817137e-03 4.476244e+04 -1.123596e+05 -2.192446e+04 -3.219326e+00 1.918281e+00 1.247708e+02 1.053905e+00 
2.197266e+04 0.000000e+00 2.500000e+04 1.337280e-02 0.000000e+00 -7.852897e-03 4.466258e+04 -1.121089e+05 -2.187555e+04 -3.250354e+00 1.447238e+00 1.212669e+02 9.038931e-01 
2.207031e+04 0.000000e+00 2.500000e+04 1.293206e-02 0.000000e+00 -7.887404e-03 4.456744e+04 -1.118687e+05 -2.182895e+04 -4.669473e+00 8.528314e-01 1.180825e+02 9.114487e-01 
2.216797e+04 0.000000e+00 2.500000e+04 1.249226e-02 0.000000e+00 -7.920653e-03 4.447529e+04 -1.116370e+05 -2.178382e+04 -5.026035e+00 1.766042e-01 1.148994e+02 1.105905e+00 
2.226562e+04 0.000000e+00 2.500000e+04 1.205336e-02 0.000000e+00 -7.952660e-03 4.438582e+04 -1.114132e+05 -2.173999e+04 -4.303266e+00 -3.827225e-01 1.111916e+02 1.363959e+00 
2.236328e+04 0.000000e+00 2.500000e+04 1.161532e-02 0.000000e+00 -7.983442e-03 4.430143e+04 -1.112006e+05 -2.169866e+04 -5.063712e+00 -6.990066e-01 1.063177e+02 1.395825e+00 
2.246094e+04 0.000000e+00 2.500000e+04 1.117808e-02 0.000000e+00 -8.013018e-03 4.422044e+04 -1.109966e+05 -2.165899e+04 -5.694297e+00 -7.661522e-01 1.019477e+02 1.459337e+00 
2.255859e+04 0.000000e+00 2.500000e+04 1.074162e-02 0.000000e+00 -8.041387e-03 4.414060e+04 -1.107979e+05 -2.161989e+04 -4.012797e+00 -5.021121e-01 9.879819e+01 1.877431e+00 
2.265625e+04 0.000000e+00 2.500000e+04 1.030591e-02 0.000000e+00 -8.068518e-03 4.406308e+04 -1.106061e+05 -2.158192e+04 -1.215511e+00 -3.000946e-02 9.421083e+01 2.028595e+00 
2.275391e+04 0.000000e+00 2.500000e+04 9.870972e-03 0.000000e+00 -8.094445e-03 4.399055e+04 -1.104243e+05 -2.154639e+04 -9.532383e-01 1.709395e-01 8.874098e+01 1.376020e+00 
2.285156e+04 0.000000e+00 2.500000e+04 9.436751e-03 0.000000e+00 -8.119197e-03 4.392232e+04 -1.102515e+05 -2.151297e+04 -2.495360e+00 -1.727778e-01 8.567386e+01 5.588039e-01 
2.294922e+04 0.000000e+00 2.500000e+04 9.003208e-03 0.000000e+00 -8.142751e-03 4.385542e+04 -1.100837e+05 -2.148021e+04 -2.329023e+00 -6.582696e-01 8.327949e+01 9.101630e-03 
2.304688e+04 0.000000e+00 2.500000e+04 8.570307e-03 0.000000e+00 -8.165131e-03 4.379103e+04 -1.099223e+05 -2.144867e+04 -2.084052e+00 -8.166805e-01 7.911784e+01 -7.003560e-01 
2.314453e+04 0.000000e+00 2.500000e+04 8.138021e-03 0.000000e+00 -8.186372e-03 4.373092e+04 -1.097703e+05 -2.141923e+04 -3.278416e+00 -7.911854e-01 7.506695e+01 -1.380084e+00 
2.324219e+04 0.000000e+00 2.500000e+04 7.706331e-03 0.000000e+00 -8.206490e-03 4.367345e+04 -1.096253e+05 -2.139108e+04 -3.912678e+00 -8.218334e-01 7.104101e+01 -1.364504e+00 
2.333984e+04 0.000000e+00 2.500000e+04 7.275211e-03 0.000000e+00 -8.225509e-03 4.361876e+04 -1.094882e+05 -2.136429e+04 -3.772100e+00 -9.703647e-01 6.580967e+01 -9.298742e-01 
2.343750e+04 0.000000e+00 2.500000e+04 6.844618e-03 0.000000e+00 -8.243420e-03 4.356834e+04 -1.093617e+05 -2.133960e+04 -3.689115e+00 -1.383647e+00 6.159549e+01 -6.180442e-01 
2.353516e+04 0.000000e+00 2.500000e+04 6.414510e-03 0.000000e+00 -8.260209e-03 4.352044e+04 -1.092428e+05 -2.131613e+04 -2.342033e+00 -1.945456e+00 5.820548e+01 -1.744875e-01 
2.363281e+04 0.000000e+00 2.500000e+04 5.984854e-03 0.000000e+00 -8.275892e-03 4.347494e+04 -1.091307e+05 -2.129385e+04 -2.549003e-01 -2.276208e+00 5.414315e+01 7.048405e-01 
2.373047e+04 0.000000e+00 2.500000e+04 5.555602e-03 0.000000e+00 -8.290488e-03 4.343357e+04 -1.090278e+05 -2.127359e+04 6.888316e-01 -2.134006e+00 5.023511e+01 1.688525e+00 
2.382812e+04 0.000000e+00 2.500000e+04 5.126716e-03 0.000000e+00 -8.303973e-03 4.339588e+04 -1.089337e+05 -2.125513e+04 1.201749e+00 -1.588894e+00 4.692200e+01 2.367276e+00 
2.392578e+04 0.000000e+00 2.500000e+04 4.698191e-03 0.000000e+00 -8.316351e-03 4.336163e+04 -1.088470e+05 -2.123835e+04 4.969192e-01 -1.051138e+00 4.289802e+01 2.760386e+00 
2.402344e+04 0.000000e+00 2.500000e+04 4.270005e-03 0.000000e+00 -8.327651e-03 4.333045e+04 -1.087666e+05 -2.122308e+04 -1.616737e+00 -7.286382e-01 3.915797e+01 3.036397e+00 
2.412109e+04 0.000000e+00 2.500000e+04 3.842124e-03 0.000000e+00 -8.337835e-03 4.330128e+04 -1.086928e+05 -2.120879e+04 -2.284768e+00 -5.536418e-01 3.599158e+01 3.101244e+00 
2.421875e+04 0.000000e+00 2.500000e+04 3.414534e-03 0.000000e+00 -8.346906e-03 4.327431e+04 -1.086256e+05 -2.119558e+04 -1.756552e+00 -5.650587e-01 3.110649e+01 2.710451e+00 
2.431641e+04 0.000000e+00 2.500000e+04 2.987212e-03 0.000000e+00 -8.354908e-03 4.325142e+04 -1.085673e+05 -2.118437e+04 -2.589124e+00 -7.069355e-01 2.624571e+01 2.088018e+00 
2.441406e+04 0.000000e+00 2.500000e+04 2.560104e-03 0.000000e+00 -8.361860e-03 4.323245e+04 -1.085187e+05 -2.117508e+04 -3.546108e+00 -9.176833e-01 2.277239e+01 1.699545e+00 
2.451172e+04 0.000000e+00 2.500000e+04 2.133169e-03 0.000000e+00 -8.367745e-03 4.321584e+04 -1.084775e+05 -2.116694e+04 -3.043800e+00 -1.185116e+00 1.914936e+01 1.622025e+00 
2.460938e+04 0.000000e+00 2.500000e+04 1.706378e-03 0.000000e+00 -8.372576e-03 4.320219e+04 -1.084439e+05 -2.116026e+04 -2.421644e+00 -1.386177e+00 1.509354e+01 1.927329e+00 
2.470703e+04 0.000000e+00 2.500000e+04 1.279701e-03 0.000000e+00 -8.376352e-03 4.319137e+04 -1.084175e+05 -2.115495e+04 -1.631402e+00 -1.457048e+00 1.182820e+01 2.770189e+00 
2.480469e+04 0.000000e+00 2.500000e+04 8.531094e-04 0.000000e+00 -8.379069e-03 4.318420e+04 -1.083995e+05 -2.115145e+04 -1.671998e+00 -1.272091e+00 8.173880e+00 3.856209e+00 
2.490234e+04 0.000000e+00 2.500000e+04 4.265532e-04 0.000000e+00 -8.380728e-03 4.318101e+04 -1.083893e+05 -2.114988e+04 -3.848793e+00 -7.286487e-01 3.040900e+00 4.867383e+00 
2.500000e+04 0.000000e+00 2.500000e+04 0.000000e+00 0.000000e+00 -8.381341e-03 4.318009e+04 -1.083855e+05 -2.114943e+04 -5.362936e+00 -3.747514e-01 3.053477e-01 5.352202e+00 
